100
5.38
9.28 1.06
8.21 2.87
8.49
9.03 9.71
5.72 2.18
7.85
9.93 9.64
8.94 9.0
5.96
2.94 9.99
7.09 2.39
6.87
5.08 2.68
2.38 3.45
5.01
3.84 4.72
3.39 9.02
1.01
7.13 5.49
4.25 4.55
2.95
4.8 3.5
4.55 1.36
3.37
1.14 4.61
9.4 4.14
9.76
1.93 3.88
5.8 4.33
5.95
6.77 9.32
1.17 9.52
2.38
7.66 5.05
9.62 5.36
7.75
6.31 6.1
9.63 2.24
2.59
7.57 8.27
7.92 3.57
8.45
8.67 3.64
9.54 6.79
8.06
9.07 9.87
3.76 7.59
1.74
4.08 1.73
2.49 3.4
5.67
1.78 2.74
7.35 4.12
7.02
1.26 5.59
5.48 2.05
8.42
6.37 2.94
8.59 3.31
6.12
4.31 5.95
6.41 7.98
3.58
4.16 2.71
2.53 8.86
9.03
8.72 2.1
5.64 1.56
5.1
5.43 1.21
7.62 4.15
9.67
5.86 3.1
8.16 3.78
6.52
3.54 7.32
7.35 7.87
5.41
1.67 5.84
5.75 6.31
7.21
1.83 4.84
8.28 4.65
6.67
4.4 2.17
6.6 1.56
6.65
9.41 6.47
4.7 6.94
2.79
9.44 9.98
8.73 9.82
9.48
2.56 7.58
7.41 2.39
3.77
2.9 1.69
4.5 6.3
4.25
1.01 8.45
1.8 4.9
1.64
4.27 5.98
2.5 4.86
4.23
9.14 9.36
9.79 2.33
3.95
1.85 7.08
2.12 1.53
3.23
2.87 3.96
1.27 4.27
1.82
4.16 2.62
1.9 3.36
9.37
2.83 5.01
4.18 3.29
6.68
8.11 5.7
4.25 3.72
7.09
4.51 7.86
7.23 9.33
8.32
1.9 7.35
7.02 1.99
2.22
1.76 4.31
1.16 5.58
8.99
6.85 4.78
5.76 7.2
5.86
4.27 1.1
5.88 2.59
8.33
5.23 9.78
5.49 9.59
5.59
6.88 7.39
4.26 7.02
7.47
2.18 7.59
5.14 9.74
8.91
8.69 3.36
4.38 1.39
4.09
6.86 6.29
8.39 9.47
3.54
1.07 7.93
1.74 2.18
3.7
6.73 9.82
2.95 5.58
1.76
7.63 7.69
7.28 1.95
6.5
3.83 4.99
1.22 9.31
6.52
5.58 3.1
5.93 3.17
3.75
3.47 9.99
1.2 3.26
2.28
5.22 6.55
3.91 4.34
7.06
5.55 6.12
4.74 5.93
1.88
9.75 8.31
7.57 1.51
9.94
1.2 9.11
3.41 3.1
8.86
7.12 1.05
3.39 3.88
8.96
4.02 8.63
3.38 4.41
8.35
4.89 1.73
4.12 5.99
7.93
8.4 3.71
1.5 5.19
9.19
4.12 5.13
8.71 2.53
9.17
3.64 5.53
9.4 5.98
2.49
2.22 2.83
1.92 8.57
5.08
9.58 3.22
2.46 1.29
3.96
2.14 9.65
7.43 4.49
7.13
6.86 9.42
8.34 4.78
4.14
1.11 5.93
5.84 1.51
5.95
1.68 9.04
2.32 6.19
9.57
9.2 1.71
2.56 6.12
7.3
6.65 7.9
6.9 3.13
6.75
4.66 6.46
2.18 3.47
6.04
6.69 9.35
9.89 8.63
5.63
5.79 5.4
1.03 7.96
9.14
4.43 2.51
2.03 9.25
8.43
6.17 1.3
3.07 1.04
6.45
6.55 5.27
8.92 1.41
4.3
6.15 5.82
8.93 2.22
9.04
4.37 7.25
8.65 4.3
5.25
8.47 1.1
7.32 5.96
5.04
7.75 7.59
7.16 9.24
2.16
7.63 9.23
9.75 4.85
3.73
1.62 5.54
6.0 8.58
6.78
3.25 9.38
9.49 5.49
4.16
9.07 8.76
5.65 2.9
8.01
2.39 5.85
6.66 6.01
4.12
7.57 5.14
6.33 7.46
7.32
8.54 1.09
2.29 8.48
2.0
9.08 3.48
3.36 4.33
9.46
4.68 7.02
7.07 2.48
7.9
5.84 2.89
6.86 2.18
9.88
2.7 1.25
8.66 9.02
7.27
2.33 1.54
5.99 5.86
8.9
7.14 6.63
1.42 8.56
7.12
9.34 9.12
9.93 2.17
6.55
2.75 8.66
7.87 3.62