-1 -1.28714
0 -1.28238
1 -1.24284
2 -1.17013
3 -1.06297
4 -0.940126
5 -0.826385
6 -0.73902
7 -0.683108
8 -0.655736
9 -0.65189
10 -0.667996
11 -0.703083
12 -0.757402
13 -0.822015
14 -0.828664
15 -0.529513
16 0.29544
17 1.13661
18 1.46388
19 1.49323
20 1.44951
21 1.40126
22 1.3619
23 1.33152
24 1.30797
25 1.28943
26 1.27471
27 1.26335
28 1.25562
29 1.25284
30 1.25769
31 1.27463
32 1.30952
33 1.36743
34 1.44797
35 1.54131
36 1.63071
37 1.7018
38 1.74943
39 1.77661
40 1.78944
41 1.79354
42 1.79286
43 1.78985
44 1.78587
45 1.78164
46 1.77753
47 1.77371
48 1.77023
49 1.76711
50 1.76431
51 1.76181
52 1.75959
53 1.7576
54 1.75582
55 1.75422
56 1.75278
57 1.75148
58 1.7503
59 1.74923
60 1.74826
61 1.74737
62 1.74656
63 1.74581
64 1.74512
65 1.74449
66 1.7439
67 1.74336
68 1.74285
69 1.74238
70 1.74194
71 1.74153
72 1.74115
73 1.74079
74 1.74045
75 1.74014
76 1.73984
77 1.73956
78 1.7393
79 1.73904
80 1.73881
81 1.73858
82 1.73837
83 1.73817
84 1.73798
85 1.7378
86 1.73762
87 1.73746
88 1.7373
89 1.73715
90 1.73701
91 1.73687
92 1.73674
93 1.73661
94 1.73649
95 1.73638
96 1.73627
97 1.73616
98 1.73606
99 1.73596
100 1.73587
101 1.73578
102 1.73569
103 1.73561
104 1.73553
105 1.73545
106 1.73537
107 1.7353
108 1.73523
109 1.73516
110 1.7351
111 1.73503
112 1.73497
113 1.73492
114 1.73486
115 1.7348
116 1.73475
117 1.7347
118 1.73465
119 1.7346
120 1.73455
121 1.73451
122 1.73446
123 1.73442
124 1.73438
125 1.73434
126 1.7343
127 1.73426
128 1.73422
129 1.73418
130 1.73415
131 1.73411
132 1.73408
133 1.73405
134 1.73402
135 1.73399
136 1.73396
137 1.73393
138 1.7339
139 1.73387
140 1.73384
141 1.73382
142 1.73379
143 1.73377
144 1.73374
145 1.73372
146 1.73369
147 1.73367
148 1.73365
149 1.73363
150 1.73361
151 1.73358
152 1.73356
153 1.73354
154 1.73352
155 1.73351
156 1.73349
157 1.73347
158 1.73345
159 1.73343
160 1.73342
161 1.7334
162 1.73338
163 1.73337
164 1.73335
165 1.73334
166 1.73332
167 1.73331
168 1.73329
169 1.73328
170 1.73326
171 1.73325
172 1.73324
173 1.73322
174 1.73321
175 1.7332
176 1.73319
177 1.73317
178 1.73316
179 1.73315
180 1.73314
181 1.73313
182 1.73312
183 1.7331
184 1.73309
185 1.73308
186 1.73307
187 1.73306
188 1.73305
189 1.73304
190 1.73303
191 1.73302
192 1.73302
193 1.73301
194 1.733
195 1.73299
196 1.73298
197 1.73297
198 1.73296
199 1.73295
200 1.73295
201 1.73294
202 1.73293
203 1.73292
204 1.73292
205 1.73291
206 1.7329
207 1.73289
208 1.73289
209 1.73288
210 1.73287
211 1.73287
212 1.73286
213 1.73285
214 1.73285
215 1.73284
216 1.73283
217 1.73283
218 1.73282
219 1.73282
220 1.73281
221 1.7328
222 1.7328
223 1.73279
224 1.73279
225 1.73278
226 1.73278
227 1.73277
228 1.73276
229 1.73276
230 1.73275
231 1.73275
232 1.73274
233 1.73274
234 1.73273
235 1.73273
236 1.73273
237 1.73272
238 1.73272
239 1.73271
240 1.73271
241 1.7327
242 1.7327
243 1.73269
244 1.73269
245 1.73269
246 1.73268
247 1.73268
248 1.73267
249 1.73267
250 1.73267
251 1.73266
252 1.73266
253 1.73265
254 1.73265
255 1.73265
256 1.73264
257 1.73264
258 1.73264
259 1.73263
260 1.73263
261 1.73263
262 1.73262
263 1.73262
264 1.73262
265 1.73261
266 1.73261
267 1.73261
268 1.7326
269 1.7326
270 1.7326
271 1.73259
272 1.73259
273 1.73259
274 1.73258
275 1.73258
276 1.73258
277 1.73258
278 1.73257
279 1.73257
280 1.73257
281 1.73257
282 1.73256
283 1.73256
284 1.73256
285 1.73255
286 1.73255
287 1.73255
288 1.73255
289 1.73254
290 1.73254
291 1.73254
292 1.73254
293 1.73254
294 1.73253
295 1.73253
296 1.73253
297 1.73253
298 1.73252
299 1.73252
300 1.73252
301 1.73252
302 1.73252
303 1.73251
304 1.73251
305 1.73251
306 1.73251
307 1.7325
308 1.7325
309 1.7325
310 1.7325
311 1.7325
312 1.73249
313 1.73249
314 1.73249
315 1.73249
316 1.73249
317 1.73249
318 1.73248
319 1.73248
320 1.73248
321 1.73248
322 1.73248
323 1.73247
324 1.73247
325 1.73247
326 1.73247
327 1.73247
328 1.73247
329 1.73246
330 1.73246
331 1.73246
332 1.73246
333 1.73246
334 1.73246
335 1.73246
336 1.73245
337 1.73245
338 1.73245
339 1.73245
340 1.73245
341 1.73245
342 1.73244
343 1.73244
344 1.73244
345 1.73244
346 1.73244
347 1.73244
348 1.73244
349 1.73244
350 1.73243
351 1.73243
352 1.73243
353 1.73243
354 1.73243
355 1.73243
356 1.73243
357 1.73242
358 1.73242
359 1.73242
360 1.73242
361 1.73242
362 1.73242
363 1.73242
364 1.73242
365 1.73241
366 1.73241
367 1.73241
368 1.73241
369 1.73241
370 1.73241
371 1.73241
372 1.73241
373 1.73241
374 1.7324
375 1.7324
376 1.7324
377 1.7324
378 1.7324
379 1.7324
380 1.7324
381 1.7324
382 1.7324
383 1.7324
384 1.73239
385 1.73239
386 1.73239
387 1.73239
388 1.73239
389 1.73239
390 1.73239
391 1.73239
392 1.73239
393 1.73239
394 1.73238
395 1.73238
396 1.73238
397 1.73238
398 1.73238
399 1.73238
400 1.73238
401 1.73238
402 1.73238
403 1.73238
404 1.73238
405 1.73237
406 1.73237
407 1.73237
408 1.73237
409 1.73237
410 1.73237
411 1.73237
412 1.73237
413 1.73237
414 1.73237
415 1.73237
416 1.73237
417 1.73236
418 1.73236
419 1.73236
420 1.73236
421 1.73236
422 1.73236
423 1.73236
424 1.73236
425 1.73236
426 1.73236
427 1.73236
428 1.73236
429 1.73236
430 1.73236
431 1.73235
432 1.73235
433 1.73235
434 1.73235
435 1.73235
436 1.73235
437 1.73235
438 1.73235
439 1.73235
440 1.73235
441 1.73235
442 1.73235
443 1.73235
444 1.73235
445 1.73235
446 1.73234
447 1.73234
448 1.73234
449 1.73234
450 1.73234
451 1.73234
452 1.73234
453 1.73234
454 1.73234
455 1.73234
456 1.73234
457 1.73234
458 1.73234
459 1.73234
460 1.73234
461 1.73234
462 1.73233
463 1.73233
464 1.73233
465 1.73233
466 1.73233
467 1.73233
468 1.73233
469 1.73233
470 1.73233
471 1.73233
472 1.73233
473 1.73233
474 1.73233
475 1.73233
476 1.73233
477 1.73233
478 1.73233
479 1.73233
480 1.73233
481 1.73232
482 1.73232
483 1.73232
484 1.73232
485 1.73232
486 1.73232
487 1.73232
488 1.73232
489 1.73232
490 1.73232
491 1.73232
492 1.73232
493 1.73232
494 1.73232
495 1.73232
496 1.73232
497 1.73232
498 1.73232
499 1.73232
500 1.73232
501 1.73232
502 1.73231
503 1.73231
504 1.73231
505 1.73231
506 1.73231
507 1.73231
508 1.73231
509 1.73231
510 1.73231
511 1.73231
512 1.73231
513 1.73231
514 1.73231
515 1.73231
516 1.73231
517 1.73231
518 1.73231
519 1.73231
520 1.73231
521 1.73231
522 1.73231
523 1.73231
524 1.73231
525 1.73231
526 1.73231
527 1.7323
528 1.7323
529 1.7323
530 1.7323
531 1.7323
532 1.7323
533 1.7323
534 1.7323
535 1.7323
536 1.7323
537 1.7323
538 1.7323
539 1.7323
540 1.7323
541 1.7323
542 1.7323
543 1.7323
544 1.7323
545 1.7323
546 1.7323
547 1.7323
548 1.7323
549 1.7323
550 1.7323
551 1.7323
552 1.7323
553 1.7323
554 1.7323
555 1.73229
556 1.73229
557 1.73229
558 1.73229
559 1.73229
560 1.73229
561 1.73229
562 1.73229
563 1.73229
564 1.73229
565 1.73229
566 1.73229
567 1.73229
568 1.73229
569 1.73229
570 1.73229
571 1.73229
572 1.73229
573 1.73229
574 1.73229
575 1.73229
576 1.73229
577 1.73229
578 1.73229
579 1.73229
580 1.73229
581 1.73229
582 1.73229
583 1.73229
584 1.73229
585 1.73229
586 1.73229
587 1.73229
588 1.73229
589 1.73228
590 1.73228
591 1.73228
592 1.73228
593 1.73228
594 1.73228
595 1.73228
596 1.73228
597 1.73228
598 1.73228
599 1.73228
600 1.73228
601 1.73228
602 1.73228
603 1.73228
604 1.73228
605 1.73228
606 1.73228
607 1.73228
608 1.73228
609 1.73228
610 1.73228
611 1.73228
612 1.73228
613 1.73228
614 1.73228
615 1.73228
616 1.73228
617 1.73228
618 1.73228
619 1.73228
620 1.73228
621 1.73228
622 1.73228
623 1.73228
624 1.73228
625 1.73228
626 1.73228
627 1.73228
628 1.73228
629 1.73228
630 1.73227
631 1.73227
632 1.73227
633 1.73227
634 1.73227
635 1.73227
636 1.73227
637 1.73227
638 1.73227
639 1.73227
640 1.73227
641 1.73227
642 1.73227
643 1.73227
644 1.73227
645 1.73227
646 1.73227
647 1.73227
648 1.73227
649 1.73227
650 1.73227
651 1.73227
652 1.73227
653 1.73227
654 1.73227
655 1.73227
656 1.73227
657 1.73227
658 1.73227
659 1.73227
660 1.73227
661 1.73227
662 1.73227
663 1.73227
664 1.73227
665 1.73227
666 1.73227
667 1.73227
668 1.73227
669 1.73227
670 1.73227
671 1.73227
672 1.73227
673 1.73227
674 1.73227
675 1.73227
676 1.73227
677 1.73227
678 1.73227
679 1.73227
680 1.73227
681 1.73227
682 1.73226
683 1.73226
684 1.73226
685 1.73226
686 1.73226
687 1.73226
688 1.73226
689 1.73226
690 1.73226
691 1.73226
692 1.73226
693 1.73226
694 1.73226
695 1.73226
696 1.73226
697 1.73226
698 1.73226
699 1.73226
700 1.73226
701 1.73226
702 1.73226
703 1.73226
704 1.73226
705 1.73226
706 1.73226
707 1.73226
708 1.73226
709 1.73226
710 1.73226
711 1.73226
712 1.73226
713 1.73226
714 1.73226
715 1.73226
716 1.73226
717 1.73226
718 1.73226
719 1.73226
720 1.73226
721 1.73226
722 1.73226
723 1.73226
724 1.73226
725 1.73226
726 1.73226
727 1.73226
728 1.73226
729 1.73226
730 1.73226
731 1.73226
732 1.73226
733 1.73226
734 1.73226
735 1.73226
736 1.73226
737 1.73226
738 1.73226
739 1.73226
740 1.73226
741 1.73226
742 1.73226
743 1.73226
744 1.73226
745 1.73226
746 1.73226
747 1.73226
748 1.73225
749 1.73225
750 1.73225
751 1.73225
752 1.73225
753 1.73225
754 1.73225
755 1.73225
756 1.73225
757 1.73225
758 1.73225
759 1.73225
760 1.73225
761 1.73225
762 1.73225
763 1.73225
764 1.73225
765 1.73225
766 1.73225
767 1.73225
768 1.73225
769 1.73225
770 1.73225
771 1.73225
772 1.73225
773 1.73225
774 1.73225
775 1.73225
776 1.73225
777 1.73225
778 1.73225
779 1.73225
780 1.73225
781 1.73225
782 1.73225
783 1.73225
784 1.73225
785 1.73225
786 1.73225
787 1.73225
788 1.73225
789 1.73225
790 1.73225
791 1.73225
792 1.73225
793 1.73225
794 1.73225
795 1.73225
796 1.73225
797 1.73225
798 1.73225
799 1.73225
800 1.73225
801 1.73225
802 1.73225
803 1.73225
804 1.73225
805 1.73225
806 1.73225
807 1.73225
808 1.73225
809 1.73225
810 1.73225
811 1.73225
812 1.73225
813 1.73225
814 1.73225
815 1.73225
816 1.73225
817 1.73225
818 1.73225
819 1.73225
820 1.73225
821 1.73225
822 1.73225
823 1.73225
824 1.73225
825 1.73225
826 1.73225
827 1.73225
828 1.73225
829 1.73225
830 1.73225
831 1.73225
832 1.73225
833 1.73225
834 1.73225
835 1.73225
836 1.73225
837 1.73225
838 1.73225
839 1.73225
840 1.73224
841 1.73224
842 1.73224
843 1.73224
844 1.73224
845 1.73224
846 1.73224
847 1.73224
848 1.73224
849 1.73224
850 1.73224
851 1.73224
852 1.73224
853 1.73224
854 1.73224
855 1.73224
856 1.73224
857 1.73224
858 1.73224
859 1.73224
860 1.73224
861 1.73224
862 1.73224
863 1.73224
864 1.73224
865 1.73224
866 1.73224
867 1.73224
868 1.73224
869 1.73224
870 1.73224
871 1.73224
872 1.73224
873 1.73224
874 1.73224
875 1.73224
876 1.73224
877 1.73224
878 1.73224
879 1.73224
880 1.73224
881 1.73224
882 1.73224
883 1.73224
884 1.73224
885 1.73224
886 1.73224
887 1.73224
888 1.73224
889 1.73224
890 1.73224
891 1.73224
892 1.73224
893 1.73224
894 1.73224
895 1.73224
896 1.73224
897 1.73224
898 1.73224
899 1.73224
900 1.73224
901 1.73224
902 1.73224
903 1.73224
904 1.73224
905 1.73224
906 1.73224
907 1.73224
908 1.73224
909 1.73224
910 1.73224
911 1.73224
912 1.73224
913 1.73224
914 1.73224
915 1.73224
916 1.73224
917 1.73224
918 1.73224
919 1.73224
920 1.73224
921 1.73224
922 1.73224
923 1.73224
924 1.73224
925 1.73224
926 1.73224
927 1.73224
928 1.73224
929 1.73224
930 1.73224
931 1.73224
932 1.73224
933 1.73224
934 1.73224
935 1.73224
936 1.73224
937 1.73224
938 1.73224
939 1.73224
940 1.73224
941 1.73224
942 1.73224
943 1.73224
944 1.73224
945 1.73224
946 1.73224
947 1.73224
948 1.73224
949 1.73224
950 1.73224
951 1.73224
952 1.73224
953 1.73224
954 1.73224
955 1.73224
956 1.73224
957 1.73224
958 1.73224
959 1.73224
960 1.73224
961 1.73224
962 1.73224
963 1.73224
964 1.73224
965 1.73224
966 1.73224
967 1.73224
968 1.73224
969 1.73224
970 1.73224
971 1.73224
972 1.73224
973 1.73224
974 1.73224
975 1.73224
976 1.73223
977 1.73223
978 1.73223
979 1.73223
980 1.73223
981 1.73223
982 1.73223
983 1.73223
984 1.73223
985 1.73223
986 1.73223
987 1.73223
988 1.73223
989 1.73223
990 1.73223
991 1.73223
992 1.73223
993 1.73223
994 1.73223
995 1.73223
996 1.73223
997 1.73223
998 1.73223
999 1.73223
1000 1.73223
