-1 -1.28714
0 -1.2871
1 -1.28385
2 -1.27785
3 -1.2669
4 -1.25006
5 -1.22901
6 -1.20793
7 -1.19105
8 -1.1801
9 -1.17439
10 -1.1721
11 -1.17106
12 -1.16865
13 -1.16111
14 -1.14346
15 -1.11283
16 -1.07512
17 -1.04326
18 -1.02411
19 -1.01537
20 -1.0123
21 -1.0115
22 -1.01106
23 -1.00997
24 -1.00763
25 -1.00371
26 -0.998128
27 -0.991104
28 -0.983166
29 -0.97506
30 -0.967537
31 -0.961138
32 -0.95609
33 -0.952345
34 -0.949685
35 -0.947831
36 -0.946511
37 -0.945495
38 -0.944603
39 -0.943707
40 -0.942718
41 -0.941583
42 -0.940275
43 -0.938789
44 -0.937134
45 -0.935333
46 -0.933415
47 -0.931417
48 -0.929377
49 -0.927332
50 -0.925322
51 -0.923382
52 -0.921543
53 -0.91983
54 -0.918262
55 -0.916848
56 -0.91559
57 -0.914477
58 -0.913489
59 -0.912593
60 -0.911746
61 -0.910897
62 -0.909986
63 -0.90895
64 -0.907727
65 -0.906262
66 -0.904513
67 -0.902458
68 -0.900104
69 -0.897486
70 -0.894669
71 -0.891747
72 -0.888828
73 -0.886026
74 -0.883448
75 -0.881187
76 -0.879309
77 -0.87786
78 -0.876855
79 -0.876279
80 -0.876074
81 -0.876108
82 -0.876097
83 -0.87546
84 -0.873037
85 -0.866776
86 -0.853919
87 -0.833085
88 -0.807792
89 -0.78554
90 -0.7711
91 -0.763942
92 -0.761394
93 -0.761198
94 -0.761987
95 -0.762973
96 -0.763617
97 -0.763395
98 -0.761636
99 -0.75747
100 -0.750008
101 -0.738947
102 -0.725372
103 -0.711742
104 -0.700512
105 -0.692741
106 -0.688087
107 -0.685623
108 -0.684478
109 -0.684036
110 -0.683921
111 -0.683918
112 -0.683915
113 -0.683854
114 -0.683712
115 -0.683483
116 -0.68317
117 -0.68278
118 -0.682325
119 -0.681815
120 -0.681262
121 -0.680676
122 -0.680067
123 -0.679444
124 -0.678815
125 -0.678186
126 -0.677564
127 -0.676953
128 -0.676359
129 -0.675784
130 -0.675232
131 -0.674704
132 -0.674202
133 -0.673727
134 -0.67328
135 -0.672861
136 -0.672468
137 -0.672101
138 -0.67176
139 -0.671441
140 -0.671144
141 -0.670867
142 -0.670607
143 -0.670363
144 -0.670132
145 -0.669912
146 -0.669701
147 -0.669497
148 -0.669299
149 -0.669105
150 -0.668915
151 -0.668726
152 -0.668537
153 -0.668349
154 -0.668161
155 -0.667972
156 -0.667781
157 -0.667589
158 -0.667395
159 -0.6672
160 -0.667003
161 -0.666804
162 -0.666604
163 -0.666402
164 -0.666199
165 -0.665995
166 -0.665789
167 -0.665582
168 -0.665375
169 -0.665166
170 -0.664958
171 -0.664749
172 -0.664539
173 -0.66433
174 -0.664122
175 -0.663914
176 -0.663708
177 -0.663503
178 -0.6633
179 -0.663101
180 -0.662905
181 -0.662713
182 -0.662526
183 -0.662345
184 -0.662171
185 -0.662005
186 -0.661848
187 -0.6617
188 -0.66156
189 -0.66143
190 -0.661305
191 -0.661184
192 -0.661058
193 -0.660917
194 -0.660745
195 -0.660516
196 -0.660197
197 -0.659737
198 -0.659071
199 -0.658118
200 -0.656779
201 -0.654954
202 -0.652561
203 -0.649568
204 -0.646027
205 -0.6421
206 -0.63804
207 -0.634142
208 -0.630668
209 -0.6278
210 -0.625615
211 -0.624106
212 -0.623213
213 -0.622855
214 -0.622947
215 -0.623407
216 -0.624142
217 -0.625018
218 -0.625779
219 -0.625889
220 -0.624226
221 -0.618709
222 -0.606519
223 -0.586506
224 -0.562942
225 -0.543518
226 -0.531987
227 -0.526902
228 -0.52546
229 -0.525673
230 -0.52649
231 -0.527415
232 -0.528221
233 -0.528794
234 -0.529063
235 -0.528968
236 -0.528447
237 -0.527436
238 -0.525883
239 -0.52376
240 -0.521095
241 -0.517988
242 -0.514612
243 -0.511192
244 -0.507952
245 -0.505072
246 -0.502654
247 -0.500725
248 -0.49925
249 -0.498163
250 -0.497388
251 -0.496851
252 -0.496489
253 -0.496252
254 -0.496102
255 -0.496011
256 -0.495959
257 -0.495931
258 -0.495918
259 -0.495913
260 -0.495911
261 -0.49591
262 -0.495908
263 -0.495903
264 -0.495895
265 -0.495884
266 -0.49587
267 -0.495853
268 -0.495833
269 -0.495811
270 -0.495786
271 -0.495759
272 -0.495731
273 -0.4957
274 -0.495668
275 -0.495635
276 -0.495601
277 -0.495566
278 -0.49553
279 -0.495494
280 -0.495457
281 -0.495419
282 -0.495381
283 -0.495342
284 -0.495303
285 -0.495264
286 -0.495225
287 -0.495185
288 -0.495146
289 -0.495106
290 -0.495066
291 -0.495026
292 -0.494986
293 -0.494946
294 -0.494905
295 -0.494865
296 -0.494825
297 -0.494784
298 -0.494744
299 -0.494704
300 -0.494663
301 -0.494622
302 -0.494582
303 -0.494541
304 -0.4945
305 -0.494459
306 -0.494418
307 -0.494377
308 -0.494336
309 -0.494295
310 -0.494253
311 -0.494211
312 -0.49417
313 -0.494128
314 -0.494085
315 -0.494043
316 -0.494
317 -0.493957
318 -0.493914
319 -0.49387
320 -0.493826
321 -0.493782
322 -0.493738
323 -0.493693
324 -0.493648
325 -0.493602
326 -0.493557
327 -0.49351
328 -0.493464
329 -0.493417
330 -0.493369
331 -0.493322
332 -0.493274
333 -0.493225
334 -0.493177
335 -0.493128
336 -0.493078
337 -0.493029
338 -0.492979
339 -0.492929
340 -0.492878
341 -0.492828
342 -0.492778
343 -0.492727
344 -0.492676
345 -0.492625
346 -0.492574
347 -0.492524
348 -0.492473
349 -0.492422
350 -0.492372
351 -0.492321
352 -0.492271
353 -0.492221
354 -0.492171
355 -0.492121
356 -0.492072
357 -0.492023
358 -0.491974
359 -0.491925
360 -0.491877
361 -0.491829
362 -0.491781
363 -0.491733
364 -0.491686
365 -0.491639
366 -0.491593
367 -0.491546
368 -0.491501
369 -0.491455
370 -0.49141
371 -0.491365
372 -0.49132
373 -0.491276
374 -0.491233
375 -0.49119
376 -0.491147
377 -0.491105
378 -0.491064
379 -0.491023
380 -0.490983
381 -0.490944
382 -0.490906
383 -0.49087
384 -0.490834
385 -0.490801
386 -0.490768
387 -0.490739
388 -0.490711
389 -0.490686
390 -0.490665
391 -0.490647
392 -0.490634
393 -0.490627
394 -0.490626
395 -0.490633
396 -0.490649
397 -0.490676
398 -0.490717
399 -0.490774
400 -0.490853
401 -0.490957
402 -0.491092
403 -0.491269
404 -0.491496
405 -0.49179
406 -0.49217
407 -0.492663
408 -0.493306
409 -0.494148
410 -0.495256
411 -0.496704
412 -0.49855
413 -0.500689
414 -0.502331
415 -0.500152
416 -0.483406
417 -0.432906
418 -0.357778
419 -0.308016
420 -0.292073
421 -0.290706
422 -0.293219
423 -0.296302
424 -0.299176
425 -0.301759
426 -0.30413
427 -0.306388
428 -0.308599
429 -0.310731
430 -0.312492
431 -0.312902
432 -0.309307
433 -0.296204
434 -0.268
435 -0.230665
436 -0.20168
437 -0.187865
438 -0.183797
439 -0.183758
440 -0.184947
441 -0.186319
442 -0.18755
443 -0.18857
444 -0.189392
445 -0.190048
446 -0.190571
447 -0.190989
448 -0.191325
449 -0.191596
450 -0.191817
451 -0.191998
452 -0.192146
453 -0.192269
454 -0.192371
455 -0.192457
456 -0.192528
457 -0.192588
458 -0.192639
459 -0.192682
460 -0.192719
461 -0.19275
462 -0.192777
463 -0.1928
464 -0.192819
465 -0.192836
466 -0.19285
467 -0.192862
468 -0.192873
469 -0.192882
470 -0.192889
471 -0.192896
472 -0.192901
473 -0.192906
474 -0.192909
475 -0.192913
476 -0.192915
477 -0.192917
478 -0.192919
479 -0.19292
480 -0.19292
481 -0.192921
482 -0.192921
483 -0.192921
484 -0.192921
485 -0.19292
486 -0.19292
487 -0.192919
488 -0.192918
489 -0.192917
490 -0.192916
491 -0.192915
492 -0.192913
493 -0.192912
494 -0.192911
495 -0.192909
496 -0.192908
497 -0.192906
498 -0.192904
499 -0.192903
500 -0.192901
501 -0.1929
502 -0.192898
503 -0.192896
504 -0.192895
505 -0.192893
506 -0.192891
507 -0.192889
508 -0.192888
509 -0.192886
510 -0.192884
511 -0.192883
512 -0.192881
513 -0.19288
514 -0.192878
515 -0.192876
516 -0.192875
517 -0.192873
518 -0.192872
519 -0.19287
520 -0.192869
521 -0.192867
522 -0.192866
523 -0.192864
524 -0.192863
525 -0.192861
526 -0.19286
527 -0.192858
528 -0.192857
529 -0.192856
530 -0.192854
531 -0.192853
532 -0.192852
533 -0.19285
534 -0.192849
535 -0.192848
536 -0.192847
537 -0.192845
538 -0.192844
539 -0.192843
540 -0.192842
541 -0.192841
542 -0.19284
543 -0.192838
544 -0.192837
545 -0.192836
546 -0.192835
547 -0.192834
548 -0.192833
549 -0.192832
550 -0.192831
551 -0.19283
552 -0.192829
553 -0.192828
554 -0.192827
555 -0.192826
556 -0.192826
557 -0.192825
558 -0.192824
559 -0.192823
560 -0.192822
561 -0.192821
562 -0.19282
563 -0.19282
564 -0.192819
565 -0.192818
566 -0.192817
567 -0.192816
568 -0.192816
569 -0.192815
570 -0.192814
571 -0.192813
572 -0.192813
573 -0.192812
574 -0.192811
575 -0.192811
576 -0.19281
577 -0.192809
578 -0.192808
579 -0.192808
580 -0.192807
581 -0.192807
582 -0.192806
583 -0.192805
584 -0.192805
585 -0.192804
586 -0.192803
587 -0.192803
588 -0.192802
589 -0.192802
590 -0.192801
591 -0.1928
592 -0.1928
593 -0.192799
594 -0.192799
595 -0.192798
596 -0.192797
597 -0.192797
598 -0.192796
599 -0.192796
600 -0.192795
601 -0.192795
602 -0.192794
603 -0.192793
604 -0.192793
605 -0.192792
606 -0.192792
607 -0.192791
608 -0.192791
609 -0.19279
610 -0.19279
611 -0.192789
612 -0.192789
613 -0.192788
614 -0.192787
615 -0.192787
616 -0.192786
617 -0.192786
618 -0.192785
619 -0.192785
620 -0.192784
621 -0.192784
622 -0.192783
623 -0.192783
624 -0.192782
625 -0.192782
626 -0.192781
627 -0.19278
628 -0.19278
629 -0.192779
630 -0.192779
631 -0.192778
632 -0.192778
633 -0.192777
634 -0.192777
635 -0.192776
636 -0.192776
637 -0.192775
638 -0.192775
639 -0.192774
640 -0.192773
641 -0.192773
642 -0.192772
643 -0.192772
644 -0.192771
645 -0.192771
646 -0.19277
647 -0.19277
648 -0.192769
649 -0.192768
650 -0.192768
651 -0.192767
652 -0.192767
653 -0.192766
654 -0.192766
655 -0.192765
656 -0.192764
657 -0.192764
658 -0.192763
659 -0.192763
660 -0.192762
661 -0.192762
662 -0.192761
663 -0.19276
664 -0.19276
665 -0.192759
666 -0.192759
667 -0.192758
668 -0.192757
669 -0.192757
670 -0.192756
671 -0.192756
672 -0.192755
673 -0.192754
674 -0.192754
675 -0.192753
676 -0.192753
677 -0.192752
678 -0.192751
679 -0.192751
680 -0.19275
681 -0.19275
682 -0.192749
683 -0.192748
684 -0.192748
685 -0.192747
686 -0.192746
687 -0.192746
688 -0.192745
689 -0.192744
690 -0.192744
691 -0.192743
692 -0.192742
693 -0.192742
694 -0.192741
695 -0.19274
696 -0.19274
697 -0.192739
698 -0.192738
699 -0.192738
700 -0.192737
701 -0.192736
702 -0.192736
703 -0.192735
704 -0.192734
705 -0.192734
706 -0.192733
707 -0.192732
708 -0.192732
709 -0.192731
710 -0.19273
711 -0.192729
712 -0.192729
713 -0.192728
714 -0.192727
715 -0.192727
716 -0.192726
717 -0.192725
718 -0.192724
719 -0.192724
720 -0.192723
721 -0.192722
722 -0.192721
723 -0.192721
724 -0.19272
725 -0.192719
726 -0.192718
727 -0.192718
728 -0.192717
729 -0.192716
730 -0.192715
731 -0.192714
732 -0.192714
733 -0.192713
734 -0.192712
735 -0.192711
736 -0.192711
737 -0.19271
738 -0.192709
739 -0.192708
740 -0.192707
741 -0.192706
742 -0.192706
743 -0.192705
744 -0.192704
745 -0.192703
746 -0.192702
747 -0.192701
748 -0.192701
749 -0.1927
750 -0.192699
751 -0.192698
752 -0.192697
753 -0.192696
754 -0.192695
755 -0.192694
756 -0.192694
757 -0.192693
758 -0.192692
759 -0.192691
760 -0.19269
761 -0.192689
762 -0.192688
763 -0.192687
764 -0.192686
765 -0.192685
766 -0.192684
767 -0.192683
768 -0.192682
769 -0.192681
770 -0.19268
771 -0.192679
772 -0.192678
773 -0.192677
774 -0.192676
775 -0.192675
776 -0.192674
777 -0.192673
778 -0.192672
779 -0.192671
780 -0.19267
781 -0.192669
782 -0.192668
783 -0.192667
784 -0.192666
785 -0.192665
786 -0.192664
787 -0.192662
788 -0.192661
789 -0.19266
790 -0.192659
791 -0.192658
792 -0.192657
793 -0.192656
794 -0.192654
795 -0.192653
796 -0.192652
797 -0.192651
798 -0.192649
799 -0.192648
800 -0.192647
801 -0.192646
802 -0.192644
803 -0.192643
804 -0.192642
805 -0.19264
806 -0.192639
807 -0.192638
808 -0.192636
809 -0.192635
810 -0.192633
811 -0.192632
812 -0.19263
813 -0.192629
814 -0.192627
815 -0.192626
816 -0.192624
817 -0.192623
818 -0.192621
819 -0.19262
820 -0.192618
821 -0.192616
822 -0.192615
823 -0.192613
824 -0.192611
825 -0.192609
826 -0.192608
827 -0.192606
828 -0.192604
829 -0.192602
830 -0.1926
831 -0.192598
832 -0.192596
833 -0.192594
834 -0.192592
835 -0.19259
836 -0.192587
837 -0.192585
838 -0.192583
839 -0.192581
840 -0.192578
841 -0.192576
842 -0.192573
843 -0.192571
844 -0.192568
845 -0.192565
846 -0.192563
847 -0.19256
848 -0.192557
849 -0.192554
850 -0.192551
851 -0.192547
852 -0.192544
853 -0.192541
854 -0.192537
855 -0.192534
856 -0.19253
857 -0.192526
858 -0.192522
859 -0.192518
860 -0.192514
861 -0.19251
862 -0.192505
863 -0.1925
864 -0.192495
865 -0.19249
866 -0.192485
867 -0.19248
868 -0.192474
869 -0.192468
870 -0.192462
871 -0.192455
872 -0.192449
873 -0.192441
874 -0.192434
875 -0.192426
876 -0.192418
877 -0.19241
878 -0.192401
879 -0.192392
880 -0.192382
881 -0.192372
882 -0.192362
883 -0.19235
884 -0.192339
885 -0.192326
886 -0.192313
887 -0.192299
888 -0.192285
889 -0.19227
890 -0.192254
891 -0.192237
892 -0.192219
893 -0.1922
894 -0.19218
895 -0.192159
896 -0.192137
897 -0.192113
898 -0.192088
899 -0.192062
900 -0.192034
901 -0.192005
902 -0.191974
903 -0.191942
904 -0.191907
905 -0.191871
906 -0.191832
907 -0.191792
908 -0.191749
909 -0.191704
910 -0.191656
911 -0.191606
912 -0.191554
913 -0.191499
914 -0.191441
915 -0.19138
916 -0.191317
917 -0.191251
918 -0.191182
919 -0.19111
920 -0.191036
921 -0.190958
922 -0.190878
923 -0.190795
924 -0.19071
925 -0.190622
926 -0.190532
927 -0.19044
928 -0.190345
929 -0.190249
930 -0.190152
931 -0.190053
932 -0.189954
933 -0.189853
934 -0.189752
935 -0.189651
936 -0.189551
937 -0.18945
938 -0.18935
939 -0.189252
940 -0.189154
941 -0.189058
942 -0.188964
943 -0.188872
944 -0.188782
945 -0.188694
946 -0.188609
947 -0.188526
948 -0.188446
949 -0.188368
950 -0.188293
951 -0.188222
952 -0.188153
953 -0.188087
954 -0.188023
955 -0.187963
956 -0.187905
957 -0.18785
958 -0.187797
959 -0.187748
960 -0.1877
961 -0.187655
962 -0.187612
963 -0.187572
964 -0.187533
965 -0.187497
966 -0.187463
967 -0.18743
968 -0.187399
969 -0.18737
970 -0.187342
971 -0.187316
972 -0.187292
973 -0.187268
974 -0.187246
975 -0.187225
976 -0.187205
977 -0.187187
978 -0.187169
979 -0.187152
980 -0.187136
981 -0.187121
982 -0.187107
983 -0.187094
984 -0.187081
985 -0.187069
986 -0.187057
987 -0.187046
988 -0.187036
989 -0.187026
990 -0.187017
991 -0.187008
992 -0.186999
993 -0.186991
994 -0.186983
995 -0.186976
996 -0.186969
997 -0.186962
998 -0.186956
999 -0.186949
