-1 -1.28714
0 -1.28714
1 -1.28711
2 -1.28705
3 -1.28694
4 -1.28677
5 -1.28654
6 -1.28629
7 -1.28608
8 -1.28593
9 -1.28585
10 -1.28581
11 -1.28578
12 -1.28574
13 -1.28566
14 -1.28553
15 -1.28532
16 -1.28507
17 -1.28483
18 -1.28465
19 -1.28454
20 -1.28448
21 -1.28444
22 -1.28441
23 -1.28436
24 -1.28426
25 -1.28409
26 -1.28387
27 -1.28362
28 -1.28341
29 -1.28326
30 -1.28317
31 -1.28313
32 -1.2831
33 -1.28306
34 -1.28299
35 -1.28287
36 -1.28268
37 -1.28244
38 -1.2822
39 -1.28201
40 -1.28188
41 -1.28182
42 -1.28178
43 -1.28175
44 -1.28171
45 -1.28162
46 -1.28147
47 -1.28126
48 -1.28101
49 -1.28079
50 -1.28062
51 -1.28052
52 -1.28047
53 -1.28044
54 -1.28041
55 -1.28035
56 -1.28024
57 -1.28006
58 -1.27983
59 -1.27959
60 -1.27938
61 -1.27924
62 -1.27916
63 -1.27912
64 -1.27909
65 -1.27905
66 -1.27898
67 -1.27884
68 -1.27865
69 -1.27841
70 -1.27817
71 -1.27799
72 -1.27788
73 -1.27782
74 -1.27778
75 -1.27775
76 -1.27771
77 -1.27761
78 -1.27746
79 -1.27724
80 -1.277
81 -1.27678
82 -1.27663
83 -1.27653
84 -1.27648
85 -1.27645
86 -1.27642
87 -1.27636
88 -1.27625
89 -1.27608
90 -1.27585
91 -1.27561
92 -1.27542
93 -1.27528
94 -1.2752
95 -1.27516
96 -1.27513
97 -1.27509
98 -1.27502
99 -1.27489
100 -1.2747
101 -1.27446
102 -1.27423
103 -1.27404
104 -1.27393
105 -1.27386
106 -1.27383
107 -1.2738
108 -1.27376
109 -1.27367
110 -1.27352
111 -1.27331
112 -1.27307
113 -1.27285
114 -1.27269
115 -1.27259
116 -1.27254
117 -1.27251
118 -1.27248
119 -1.27242
120 -1.27232
121 -1.27215
122 -1.27193
123 -1.27169
124 -1.27148
125 -1.27134
126 -1.27126
127 -1.27121
128 -1.27119
129 -1.27115
130 -1.27109
131 -1.27097
132 -1.27079
133 -1.27056
134 -1.27033
135 -1.27014
136 -1.27002
137 -1.26995
138 -1.26991
139 -1.26988
140 -1.26984
141 -1.26977
142 -1.26963
143 -1.26944
144 -1.26921
145 -1.26898
146 -1.26881
147 -1.26869
148 -1.26863
149 -1.2686
150 -1.26857
151 -1.26853
152 -1.26844
153 -1.26829
154 -1.26809
155 -1.26785
156 -1.26764
157 -1.26747
158 -1.26738
159 -1.26732
160 -1.26729
161 -1.26726
162 -1.26721
163 -1.26711
164 -1.26695
165 -1.26673
166 -1.2665
167 -1.26629
168 -1.26614
169 -1.26606
170 -1.26601
171 -1.26598
172 -1.26595
173 -1.26589
174 -1.26578
175 -1.26561
176 -1.26539
177 -1.26516
178 -1.26497
179 -1.26484
180 -1.26476
181 -1.26472
182 -1.26469
183 -1.26466
184 -1.26459
185 -1.26447
186 -1.26429
187 -1.26407
188 -1.26384
189 -1.26366
190 -1.26353
191 -1.26346
192 -1.26343
193 -1.2634
194 -1.26336
195 -1.26329
196 -1.26316
197 -1.26297
198 -1.26275
199 -1.26252
200 -1.26235
201 -1.26224
202 -1.26217
203 -1.26214
204 -1.26211
205 -1.26207
206 -1.26199
207 -1.26185
208 -1.26165
209 -1.26142
210 -1.2612
211 -1.26104
212 -1.26093
213 -1.26087
214 -1.26084
215 -1.26082
216 -1.26077
217 -1.26068
218 -1.26054
219 -1.26034
220 -1.26011
221 -1.2599
222 -1.25974
223 -1.25964
224 -1.25959
225 -1.25956
226 -1.25953
227 -1.25948
228 -1.25939
229 -1.25924
230 -1.25903
231 -1.25881
232 -1.2586
233 -1.25845
234 -1.25836
235 -1.25831
236 -1.25828
237 -1.25825
238 -1.2582
239 -1.25811
240 -1.25795
241 -1.25775
242 -1.25752
243 -1.25732
244 -1.25718
245 -1.25709
246 -1.25704
247 -1.25702
248 -1.25699
249 -1.25693
250 -1.25683
251 -1.25667
252 -1.25646
253 -1.25623
254 -1.25603
255 -1.25589
256 -1.25581
257 -1.25577
258 -1.25574
259 -1.25571
260 -1.25565
261 -1.25555
262 -1.25538
263 -1.25517
264 -1.25494
265 -1.25475
266 -1.25462
267 -1.25454
268 -1.25449
269 -1.25447
270 -1.25444
271 -1.25438
272 -1.25427
273 -1.2541
274 -1.25389
275 -1.25367
276 -1.25348
277 -1.25335
278 -1.25327
279 -1.25323
280 -1.2532
281 -1.25317
282 -1.25311
283 -1.253
284 -1.25284
285 -1.25263
286 -1.25241
287 -1.25222
288 -1.25209
289 -1.25202
290 -1.25198
291 -1.25195
292 -1.25192
293 -1.25186
294 -1.25175
295 -1.25159
296 -1.25137
297 -1.25115
298 -1.25096
299 -1.25083
300 -1.25076
301 -1.25072
302 -1.25069
303 -1.25066
304 -1.2506
305 -1.25049
306 -1.25033
307 -1.25012
308 -1.2499
309 -1.24971
310 -1.24958
311 -1.2495
312 -1.24946
313 -1.24944
314 -1.2494
315 -1.24934
316 -1.24924
317 -1.24907
318 -1.24886
319 -1.24864
320 -1.24845
321 -1.24832
322 -1.24824
323 -1.2482
324 -1.24818
325 -1.24815
326 -1.24809
327 -1.24799
328 -1.24783
329 -1.24762
330 -1.2474
331 -1.24722
332 -1.24708
333 -1.24701
334 -1.24696
335 -1.24694
336 -1.24691
337 -1.24685
338 -1.24675
339 -1.2466
340 -1.24639
341 -1.24617
342 -1.24598
343 -1.24585
344 -1.24577
345 -1.24572
346 -1.2457
347 -1.24567
348 -1.24562
349 -1.24552
350 -1.24537
351 -1.24517
352 -1.24495
353 -1.24476
354 -1.24462
355 -1.24453
356 -1.24449
357 -1.24446
358 -1.24443
359 -1.24438
360 -1.24429
361 -1.24414
362 -1.24394
363 -1.24372
364 -1.24352
365 -1.24338
366 -1.24329
367 -1.24324
368 -1.24321
369 -1.24319
370 -1.24314
371 -1.24305
372 -1.24291
373 -1.24272
374 -1.2425
375 -1.24231
376 -1.24216
377 -1.24206
378 -1.24201
379 -1.24198
380 -1.24196
381 -1.24191
382 -1.24183
383 -1.2417
384 -1.24152
385 -1.2413
386 -1.2411
387 -1.24094
388 -1.24084
389 -1.24079
390 -1.24076
391 -1.24073
392 -1.24069
393 -1.24062
394 -1.2405
395 -1.24032
396 -1.24011
397 -1.2399
398 -1.23974
399 -1.23963
400 -1.23957
401 -1.23954
402 -1.23951
403 -1.23948
404 -1.23941
405 -1.2393
406 -1.23912
407 -1.23891
408 -1.2387
409 -1.23853
410 -1.23841
411 -1.23834
412 -1.23831
413 -1.23828
414 -1.23825
415 -1.23819
416 -1.23808
417 -1.23792
418 -1.23772
419 -1.23751
420 -1.23733
421 -1.2372
422 -1.23713
423 -1.23709
424 -1.23706
425 -1.23703
426 -1.23698
427 -1.23688
428 -1.23673
429 -1.23653
430 -1.23632
431 -1.23613
432 -1.236
433 -1.23592
434 -1.23587
435 -1.23585
436 -1.23582
437 -1.23577
438 -1.23569
439 -1.23555
440 -1.23536
441 -1.23515
442 -1.23496
443 -1.23482
444 -1.23472
445 -1.23467
446 -1.23464
447 -1.23462
448 -1.23458
449 -1.2345
450 -1.23438
451 -1.2342
452 -1.23399
453 -1.23379
454 -1.23363
455 -1.23352
456 -1.23346
457 -1.23343
458 -1.23341
459 -1.23337
460 -1.23331
461 -1.2332
462 -1.23303
463 -1.23282
464 -1.23262
465 -1.23245
466 -1.23233
467 -1.23226
468 -1.23222
469 -1.2322
470 -1.23217
471 -1.23211
472 -1.23201
473 -1.23186
474 -1.23166
475 -1.23145
476 -1.23127
477 -1.23114
478 -1.23106
479 -1.23102
480 -1.23099
481 -1.23096
482 -1.23092
483 -1.23083
484 -1.23069
485 -1.23051
486 -1.2303
487 -1.23011
488 -1.22997
489 -1.22988
490 -1.22983
491 -1.2298
492 -1.22977
493 -1.22974
494 -1.22966
495 -1.22954
496 -1.22937
497 -1.22917
498 -1.22897
499 -1.22881
500 -1.2287
501 -1.22864
502 -1.22861
503 -1.22858
504 -1.22855
505 -1.22849
506 -1.22839
507 -1.22823
508 -1.22803
509 -1.22783
510 -1.22765
511 -1.22753
512 -1.22746
513 -1.22742
514 -1.22739
515 -1.22736
516 -1.22731
517 -1.22723
518 -1.22708
519 -1.22689
520 -1.22669
521 -1.2265
522 -1.22636
523 -1.22627
524 -1.22622
525 -1.22619
526 -1.22617
527 -1.22613
528 -1.22605
529 -1.22593
530 -1.22576
531 -1.22556
532 -1.22536
533 -1.22521
534 -1.2251
535 -1.22504
536 -1.22501
537 -1.22499
538 -1.22495
539 -1.22489
540 -1.22479
541 -1.22464
542 -1.22444
543 -1.22424
544 -1.22407
545 -1.22395
546 -1.22387
547 -1.22383
548 -1.22381
549 -1.22378
550 -1.22373
551 -1.22365
552 -1.22352
553 -1.22333
554 -1.22313
555 -1.22295
556 -1.2228
557 -1.22271
558 -1.22266
559 -1.22263
560 -1.22261
561 -1.22257
562 -1.22251
563 -1.22239
564 -1.22222
565 -1.22202
566 -1.22182
567 -1.22166
568 -1.22155
569 -1.22149
570 -1.22145
571 -1.22143
572 -1.2214
573 -1.22134
574 -1.22125
575 -1.2211
576 -1.22091
577 -1.22071
578 -1.22053
579 -1.2204
580 -1.22032
581 -1.22028
582 -1.22025
583 -1.22023
584 -1.22019
585 -1.22011
586 -1.21999
587 -1.21981
588 -1.21961
589 -1.21942
590 -1.21927
591 -1.21917
592 -1.21911
593 -1.21908
594 -1.21906
595 -1.21903
596 -1.21897
597 -1.21887
598 -1.21872
599 -1.21853
600 -1.21833
601 -1.21816
602 -1.21804
603 -1.21797
604 -1.21793
605 -1.2179
606 -1.21788
607 -1.21783
608 -1.21775
609 -1.21763
610 -1.21745
611 -1.21725
612 -1.21706
613 -1.21692
614 -1.21682
615 -1.21677
616 -1.21674
617 -1.21671
618 -1.21668
619 -1.21662
620 -1.21652
621 -1.21636
622 -1.21617
623 -1.21597
624 -1.2158
625 -1.21569
626 -1.21561
627 -1.21558
628 -1.21555
629 -1.21553
630 -1.21548
631 -1.2154
632 -1.21527
633 -1.21509
634 -1.21489
635 -1.2147
636 -1.21456
637 -1.21447
638 -1.21442
639 -1.21439
640 -1.21437
641 -1.21433
642 -1.21427
643 -1.21417
644 -1.21401
645 -1.21383
646 -1.21363
647 -1.21347
648 -1.21335
649 -1.21328
650 -1.21324
651 -1.21322
652 -1.2132
653 -1.21315
654 -1.21307
655 -1.21294
656 -1.21277
657 -1.21258
658 -1.21239
659 -1.21225
660 -1.21216
661 -1.2121
662 -1.21207
663 -1.21205
664 -1.21202
665 -1.21196
666 -1.21186
667 -1.21171
668 -1.21152
669 -1.21133
670 -1.21116
671 -1.21104
672 -1.21097
673 -1.21093
674 -1.2109
675 -1.21088
676 -1.21084
677 -1.21076
678 -1.21064
679 -1.21046
680 -1.21027
681 -1.21008
682 -1.20993
683 -1.20984
684 -1.20978
685 -1.20975
686 -1.20973
687 -1.2097
688 -1.20964
689 -1.20955
690 -1.2094
691 -1.20922
692 -1.20903
693 -1.20886
694 -1.20873
695 -1.20866
696 -1.20861
697 -1.20859
698 -1.20857
699 -1.20853
700 -1.20846
701 -1.20834
702 -1.20818
703 -1.20799
704 -1.20781
705 -1.20765
706 -1.20755
707 -1.20749
708 -1.20745
709 -1.20743
710 -1.20741
711 -1.20736
712 -1.20727
713 -1.20714
714 -1.20697
715 -1.20677
716 -1.2066
717 -1.20646
718 -1.20638
719 -1.20633
720 -1.2063
721 -1.20628
722 -1.20625
723 -1.20619
724 -1.20608
725 -1.20593
726 -1.20574
727 -1.20555
728 -1.20539
729 -1.20527
730 -1.2052
731 -1.20516
732 -1.20514
733 -1.20512
734 -1.20507
735 -1.205
736 -1.20488
737 -1.20471
738 -1.20452
739 -1.20434
740 -1.20419
741 -1.2041
742 -1.20404
743 -1.20401
744 -1.20399
745 -1.20396
746 -1.20391
747 -1.20382
748 -1.20368
749 -1.2035
750 -1.20331
751 -1.20314
752 -1.20302
753 -1.20293
754 -1.20289
755 -1.20286
756 -1.20284
757 -1.20281
758 -1.20274
759 -1.20264
760 -1.20249
761 -1.20231
762 -1.20212
763 -1.20197
764 -1.20186
765 -1.20179
766 -1.20175
767 -1.20173
768 -1.2017
769 -1.20166
770 -1.20159
771 -1.20147
772 -1.20131
773 -1.20112
774 -1.20094
775 -1.20079
776 -1.20069
777 -1.20063
778 -1.2006
779 -1.20058
780 -1.20055
781 -1.2005
782 -1.20042
783 -1.20029
784 -1.20011
785 -1.19992
786 -1.19975
787 -1.19962
788 -1.19953
789 -1.19949
790 -1.19946
791 -1.19944
792 -1.19941
793 -1.19935
794 -1.19925
795 -1.1991
796 -1.19892
797 -1.19873
798 -1.19857
799 -1.19846
800 -1.19838
801 -1.19834
802 -1.19832
803 -1.1983
804 -1.19826
805 -1.19819
806 -1.19808
807 -1.19793
808 -1.19775
809 -1.19757
810 -1.19742
811 -1.19731
812 -1.19725
813 -1.19722
814 -1.1972
815 -1.19717
816 -1.19713
817 -1.19705
818 -1.19693
819 -1.19677
820 -1.19658
821 -1.19641
822 -1.19627
823 -1.19617
824 -1.19612
825 -1.19609
826 -1.19607
827 -1.19604
828 -1.19599
829 -1.19591
830 -1.19577
831 -1.1956
832 -1.19542
833 -1.19525
834 -1.19512
835 -1.19503
836 -1.19499
837 -1.19496
838 -1.19494
839 -1.19491
840 -1.19485
841 -1.19476
842 -1.19461
843 -1.19444
844 -1.19425
845 -1.19409
846 -1.19397
847 -1.19389
848 -1.19385
849 -1.19383
850 -1.19381
851 -1.19377
852 -1.19371
853 -1.1936
854 -1.19346
855 -1.19328
856 -1.1931
857 -1.19295
858 -1.19284
859 -1.19277
860 -1.19274
861 -1.19271
862 -1.19269
863 -1.19265
864 -1.19258
865 -1.19247
866 -1.19232
867 -1.19214
868 -1.19196
869 -1.19181
870 -1.19171
871 -1.19165
872 -1.19162
873 -1.1916
874 -1.19158
875 -1.19153
876 -1.19146
877 -1.19134
878 -1.19118
879 -1.191
880 -1.19083
881 -1.19069
882 -1.19059
883 -1.19054
884 -1.19051
885 -1.19049
886 -1.19046
887 -1.19042
888 -1.19033
889 -1.19021
890 -1.19004
891 -1.18986
892 -1.18969
893 -1.18955
894 -1.18947
895 -1.18942
896 -1.18939
897 -1.18937
898 -1.18934
899 -1.18929
900 -1.1892
901 -1.18907
902 -1.1889
903 -1.18872
904 -1.18856
905 -1.18843
906 -1.18835
907 -1.18831
908 -1.18828
909 -1.18826
910 -1.18823
911 -1.18817
912 -1.18808
913 -1.18795
914 -1.18778
915 -1.1876
916 -1.18744
917 -1.18732
918 -1.18724
919 -1.1872
920 -1.18718
921 -1.18715
922 -1.18712
923 -1.18707
924 -1.18697
925 -1.18683
926 -1.18666
927 -1.18649
928 -1.18633
929 -1.18622
930 -1.18614
931 -1.1861
932 -1.18608
933 -1.18606
934 -1.18603
935 -1.18597
936 -1.18587
937 -1.18573
938 -1.18555
939 -1.18537
940 -1.18522
941 -1.18511
942 -1.18504
943 -1.185
944 -1.18498
945 -1.18495
946 -1.18492
947 -1.18486
948 -1.18476
949 -1.18461
950 -1.18444
951 -1.18426
952 -1.18411
953 -1.184
954 -1.18393
955 -1.1839
956 -1.18387
957 -1.18385
958 -1.18382
959 -1.18375
960 -1.18365
961 -1.1835
962 -1.18333
963 -1.18315
964 -1.18301
965 -1.1829
966 -1.18284
967 -1.1828
968 -1.18278
969 -1.18276
970 -1.18272
971 -1.18266
972 -1.18255
973 -1.18241
974 -1.18223
975 -1.18206
976 -1.18192
977 -1.18182
978 -1.18175
979 -1.18172
980 -1.18169
981 -1.18167
982 -1.18164
983 -1.18157
984 -1.18147
985 -1.18132
986 -1.18115
987 -1.18098
988 -1.18083
989 -1.18073
990 -1.18066
991 -1.18063
992 -1.18061
993 -1.18058
994 -1.18055
995 -1.18048
996 -1.18038
997 -1.18023
998 -1.18006
999 -1.17989
