-1 -1.28714
0 -1.28714
1 -1.28683
2 -1.28625
3 -1.28516
4 -1.28341
5 -1.28111
6 -1.27867
7 -1.27661
8 -1.27521
9 -1.27442
10 -1.27402
11 -1.27376
12 -1.27337
13 -1.27259
14 -1.27116
15 -1.26901
16 -1.26641
17 -1.26395
18 -1.2621
19 -1.26098
20 -1.26039
21 -1.26009
22 -1.25982
23 -1.25936
24 -1.2585
25 -1.25711
26 -1.25523
27 -1.25311
28 -1.25116
29 -1.24969
30 -1.24874
31 -1.24821
32 -1.24792
33 -1.24765
34 -1.24723
35 -1.24645
36 -1.24519
37 -1.24342
38 -1.24136
39 -1.23939
40 -1.23782
41 -1.23678
42 -1.23617
43 -1.23584
44 -1.2356
45 -1.23526
46 -1.23465
47 -1.23361
48 -1.23208
49 -1.23018
50 -1.22823
51 -1.22658
52 -1.22539
53 -1.22468
54 -1.22429
55 -1.22405
56 -1.22378
57 -1.22328
58 -1.22234
59 -1.22082
60 -1.21877
61 -1.21652
62 -1.21454
63 -1.21312
64 -1.21226
65 -1.21182
66 -1.21157
67 -1.21134
68 -1.21094
69 -1.2102
70 -1.20899
71 -1.2073
72 -1.20535
73 -1.20349
74 -1.20202
75 -1.20104
76 -1.20048
77 -1.20017
78 -1.19996
79 -1.19968
80 -1.19918
81 -1.19834
82 -1.19706
83 -1.19541
84 -1.19361
85 -1.19197
86 -1.19071
87 -1.18987
88 -1.18938
89 -1.18909
90 -1.18888
91 -1.18861
92 -1.18814
93 -1.18737
94 -1.18623
95 -1.18477
96 -1.18317
97 -1.18166
98 -1.18046
99 -1.17963
100 -1.17911
101 -1.17882
102 -1.17862
103 -1.17838
104 -1.17795
105 -1.1772
106 -1.17601
107 -1.1744
108 -1.17257
109 -1.17083
110 -1.16946
111 -1.16853
112 -1.16799
113 -1.1677
114 -1.16752
115 -1.16729
116 -1.16688
117 -1.16615
118 -1.165
119 -1.16344
120 -1.16168
121 -1.16001
122 -1.15869
123 -1.1578
124 -1.15727
125 -1.15698
126 -1.1568
127 -1.15659
128 -1.15621
129 -1.15556
130 -1.15452
131 -1.15311
132 -1.15147
133 -1.14986
134 -1.14852
135 -1.14757
136 -1.14697
137 -1.14663
138 -1.14642
139 -1.14624
140 -1.14597
141 -1.14552
142 -1.1448
143 -1.14378
144 -1.14251
145 -1.14113
146 -1.13983
147 -1.13876
148 -1.13799
149 -1.1375
150 -1.1372
151 -1.13701
152 -1.13682
153 -1.13655
154 -1.13608
155 -1.13534
156 -1.13427
157 -1.13293
158 -1.13147
159 -1.13011
160 -1.12902
161 -1.12824
162 -1.12776
163 -1.12748
164 -1.12731
165 -1.12713
166 -1.12685
167 -1.12635
168 -1.12554
169 -1.12439
170 -1.12295
171 -1.12143
172 -1.12006
173 -1.119
174 -1.11829
175 -1.11787
176 -1.11764
177 -1.11748
178 -1.1173
179 -1.11698
180 -1.11641
181 -1.11551
182 -1.11424
183 -1.11272
184 -1.11118
185 -1.10985
186 -1.10886
187 -1.10822
188 -1.10785
189 -1.10764
190 -1.10749
191 -1.10731
192 -1.107
193 -1.10648
194 -1.10571
195 -1.10468
196 -1.10346
197 -1.1022
198 -1.10107
199 -1.10017
200 -1.09954
201 -1.09914
202 -1.09889
203 -1.09873
204 -1.09856
205 -1.09833
206 -1.09795
207 -1.09735
208 -1.09651
209 -1.09545
210 -1.09426
211 -1.09309
212 -1.09207
213 -1.09129
214 -1.09075
215 -1.09041
216 -1.0902
217 -1.09005
218 -1.08989
219 -1.08963
220 -1.0892
221 -1.08854
222 -1.08762
223 -1.08647
224 -1.08523
225 -1.08404
226 -1.08306
227 -1.08235
228 -1.08188
229 -1.08159
230 -1.08143
231 -1.08129
232 -1.08111
233 -1.08079
234 -1.08024
235 -1.0794
236 -1.07825
237 -1.07689
238 -1.07551
239 -1.07431
240 -1.07341
241 -1.0728
242 -1.07244
243 -1.07224
244 -1.07211
245 -1.07196
246 -1.07173
247 -1.07133
248 -1.07069
249 -1.0698
250 -1.06869
251 -1.06747
252 -1.06631
253 -1.06533
254 -1.06462
255 -1.06414
256 -1.06384
257 -1.06367
258 -1.06353
259 -1.06338
260 -1.06314
261 -1.06276
262 -1.06218
263 -1.0614
264 -1.06042
265 -1.05936
266 -1.05832
267 -1.05742
268 -1.05672
269 -1.05622
270 -1.0559
271 -1.0557
272 -1.05556
273 -1.05542
274 -1.05524
275 -1.05494
276 -1.05449
277 -1.05384
278 -1.05301
279 -1.05205
280 -1.05105
281 -1.05012
282 -1.04934
283 -1.04876
284 -1.04836
285 -1.04811
286 -1.04795
287 -1.04783
288 -1.04768
289 -1.04745
290 -1.04707
291 -1.04647
292 -1.04563
293 -1.04458
294 -1.04341
295 -1.04228
296 -1.04132
297 -1.0406
298 -1.04012
299 -1.03982
300 -1.03965
301 -1.03953
302 -1.0394
303 -1.0392
304 -1.03886
305 -1.03832
306 -1.03753
307 -1.03652
308 -1.03537
309 -1.03423
310 -1.03324
311 -1.03249
312 -1.03197
313 -1.03164
314 -1.03145
315 -1.03133
316 -1.03121
317 -1.03105
318 -1.03077
319 -1.03034
320 -1.02971
321 -1.02889
322 -1.02792
323 -1.0269
324 -1.02594
325 -1.02515
326 -1.02455
327 -1.02414
328 -1.02388
329 -1.02372
330 -1.0236
331 -1.02347
332 -1.0233
333 -1.02304
334 -1.02265
335 -1.0221
336 -1.02141
337 -1.02059
338 -1.01973
339 -1.01891
340 -1.01819
341 -1.01762
342 -1.01721
343 -1.01693
344 -1.01675
345 -1.01663
346 -1.01651
347 -1.01637
348 -1.01615
349 -1.0158
350 -1.0153
351 -1.01462
352 -1.01378
353 -1.01285
354 -1.01192
355 -1.0111
356 -1.01044
357 -1.00996
358 -1.00963
359 -1.00943
360 -1.0093
361 -1.0092
362 -1.00907
363 -1.00887
364 -1.00854
365 -1.00803
366 -1.00732
367 -1.00643
368 -1.00542
369 -1.00441
370 -1.00352
371 -1.00282
372 -1.00232
373 -1.002
374 -1.00181
375 -1.00169
376 -1.00159
377 -1.00147
378 -1.00126
379 -1.00092
380 -1.00041
381 -0.999694
382 -0.998799
383 -0.997801
384 -0.996814
385 -0.995947
386 -0.995266
387 -0.994781
388 -0.994464
389 -0.994269
390 -0.994146
391 -0.994049
392 -0.993933
393 -0.993759
394 -0.993489
395 -0.993091
396 -0.992548
397 -0.991868
398 -0.991089
399 -0.99028
400 -0.989516
401 -0.988861
402 -0.988345
403 -0.987969
404 -0.987713
405 -0.987545
406 -0.987428
407 -0.987328
408 -0.987208
409 -0.987035
410 -0.986776
411 -0.986401
412 -0.985896
413 -0.985264
414 -0.984538
415 -0.983775
416 -0.983042
417 -0.982401
418 -0.981884
419 -0.981499
420 -0.981232
421 -0.981055
422 -0.980936
423 -0.98084
424 -0.980731
425 -0.980572
426 -0.980325
427 -0.979955
428 -0.979434
429 -0.978762
430 -0.97797
431 -0.977125
432 -0.976313
433 -0.975608
434 -0.975052
435 -0.97465
436 -0.974383
437 -0.974215
438 -0.974109
439 -0.974022
440 -0.973916
441 -0.973746
442 -0.973466
443 -0.973033
444 -0.972419
445 -0.971627
446 -0.97071
447 -0.969764
448 -0.968895
449 -0.968181
450 -0.967652
451 -0.967293
452 -0.967069
453 -0.966933
454 -0.966842
455 -0.966756
456 -0.966635
457 -0.966442
458 -0.966141
459 -0.965706
460 -0.965123
461 -0.964411
462 -0.96362
463 -0.962823
464 -0.962097
465 -0.961495
466 -0.961037
467 -0.960715
468 -0.9605
469 -0.960361
470 -0.960264
471 -0.960176
472 -0.960065
473 -0.959903
474 -0.959663
475 -0.959321
476 -0.958866
477 -0.958303
478 -0.957656
479 -0.956974
480 -0.956313
481 -0.955722
482 -0.955235
483 -0.95486
484 -0.95459
485 -0.954404
486 -0.954278
487 -0.954184
488 -0.954096
489 -0.953984
490 -0.953823
491 -0.953585
492 -0.953249
493 -0.952801
494 -0.952244
495 -0.951603
496 -0.950925
497 -0.950264
498 -0.949673
499 -0.949186
500 -0.948812
501 -0.948545
502 -0.948365
503 -0.948245
504 -0.948159
505 -0.948076
506 -0.947964
507 -0.947792
508 -0.947523
509 -0.947128
510 -0.946586
511 -0.945905
512 -0.945125
513 -0.944317
514 -0.943562
515 -0.942922
516 -0.942429
517 -0.942079
518 -0.941849
519 -0.941705
520 -0.941614
521 -0.94154
522 -0.941449
523 -0.941308
524 -0.941082
525 -0.940736
526 -0.940248
527 -0.939616
528 -0.938867
529 -0.938067
530 -0.937293
531 -0.936618
532 -0.936082
533 -0.93569
534 -0.935424
535 -0.935254
536 -0.935146
537 -0.935068
538 -0.93499
539 -0.934881
540 -0.934716
541 -0.934468
542 -0.934116
543 -0.93365
544 -0.933078
545 -0.932431
546 -0.931758
547 -0.931115
548 -0.930551
549 -0.930093
550 -0.929746
551 -0.929499
552 -0.929331
553 -0.929217
554 -0.929133
555 -0.929054
556 -0.928957
557 -0.928822
558 -0.928626
559 -0.928355
560 -0.927996
561 -0.92755
562 -0.927032
563 -0.926469
564 -0.925901
565 -0.925369
566 -0.924904
567 -0.924523
568 -0.924231
569 -0.924018
570 -0.923869
571 -0.923766
572 -0.923685
573 -0.923607
574 -0.923508
575 -0.923365
576 -0.923153
577 -0.922851
578 -0.922445
579 -0.921933
580 -0.921335
581 -0.92069
582 -0.920049
583 -0.919465
584 -0.918973
585 -0.918589
586 -0.91831
587 -0.918118
588 -0.917993
589 -0.917909
590 -0.91784
591 -0.917761
592 -0.917643
593 -0.917457
594 -0.917174
595 -0.916771
596 -0.916236
597 -0.915584
598 -0.914859
599 -0.914126
600 -0.913454
601 -0.912892
602 -0.912461
603 -0.912155
604 -0.911952
605 -0.911825
606 -0.911742
607 -0.911678
608 -0.911603
609 -0.911491
610 -0.911315
611 -0.911049
612 -0.910672
613 -0.910177
614 -0.909575
615 -0.908904
616 -0.90822
617 -0.907583
618 -0.907039
619 -0.90661
620 -0.906295
621 -0.906077
622 -0.905934
623 -0.905838
624 -0.905767
625 -0.905697
626 -0.905607
627 -0.905478
628 -0.905291
629 -0.90503
630 -0.904688
631 -0.904265
632 -0.903773
633 -0.903242
634 -0.902705
635 -0.902201
636 -0.901758
637 -0.901393
638 -0.90111
639 -0.900901
640 -0.900753
641 -0.900649
642 -0.900571
643 -0.900501
644 -0.900422
645 -0.900315
646 -0.900164
647 -0.899952
648 -0.899667
649 -0.899304
650 -0.898866
651 -0.898372
652 -0.897849
653 -0.897334
654 -0.896859
655 -0.89645
656 -0.896119
657 -0.895866
658 -0.895683
659 -0.895555
660 -0.895465
661 -0.895396
662 -0.895329
663 -0.895244
664 -0.895119
665 -0.894935
666 -0.894671
667 -0.894312
668 -0.893855
669 -0.893311
670 -0.892712
671 -0.892105
672 -0.891538
673 -0.891048
674 -0.890656
675 -0.890364
676 -0.890159
677 -0.890023
678 -0.889935
679 -0.889872
680 -0.889811
681 -0.889731
682 -0.889605
683 -0.88941
684 -0.889121
685 -0.888719
686 -0.888201
687 -0.887584
688 -0.886913
689 -0.886245
690 -0.88564
691 -0.885135
692 -0.884747
693 -0.88447
694 -0.884283
695 -0.884163
696 -0.884085
697 -0.884025
698 -0.883964
699 -0.883878
700 -0.88375
701 -0.88356
702 -0.883292
703 -0.882936
704 -0.882494
705 -0.881982
706 -0.88143
707 -0.880878
708 -0.880367
709 -0.879927
710 -0.879571
711 -0.879301
712 -0.879107
713 -0.878971
714 -0.878878
715 -0.878809
716 -0.878747
717 -0.878676
718 -0.878581
719 -0.878447
720 -0.878263
721 -0.878017
722 -0.877706
723 -0.877332
724 -0.876907
725 -0.876454
726 -0.875997
727 -0.875566
728 -0.875183
729 -0.87486
730 -0.874603
731 -0.874407
732 -0.874264
733 -0.874161
734 -0.874085
735 -0.874022
736 -0.873957
737 -0.873876
738 -0.873764
739 -0.873607
740 -0.873391
741 -0.873107
742 -0.872751
743 -0.872332
744 -0.871867
745 -0.871382
746 -0.870911
747 -0.870481
748 -0.870113
749 -0.869816
750 -0.869589
751 -0.869425
752 -0.869311
753 -0.869233
754 -0.869173
755 -0.869116
756 -0.869044
757 -0.868939
758 -0.868779
759 -0.868546
760 -0.868222
761 -0.867801
762 -0.867288
763 -0.866711
764 -0.866112
765 -0.86554
766 -0.865036
767 -0.864625
768 -0.864313
769 -0.864091
770 -0.863941
771 -0.863845
772 -0.863781
773 -0.863729
774 -0.863671
775 -0.863588
776 -0.863459
777 -0.863266
778 -0.862991
779 -0.862624
780 -0.862165
781 -0.861633
782 -0.861061
783 -0.860495
784 -0.859978
785 -0.859539
786 -0.859191
787 -0.858934
788 -0.858752
789 -0.85863
790 -0.858549
791 -0.85849
792 -0.858436
793 -0.858372
794 -0.858283
795 -0.858155
796 -0.857975
797 -0.857732
798 -0.857423
799 -0.85705
800 -0.856625
801 -0.856171
802 -0.855715
803 -0.855286
804 -0.854906
805 -0.854588
806 -0.854336
807 -0.854145
808 -0.854006
809 -0.853906
810 -0.853834
811 -0.853775
812 -0.853718
813 -0.85365
814 -0.85356
815 -0.853437
816 -0.85327
817 -0.853053
818 -0.852781
819 -0.852457
820 -0.85209
821 -0.851696
822 -0.851295
823 -0.85091
824 -0.850559
825 -0.850256
826 -0.850007
827 -0.849812
828 -0.849665
829 -0.849558
830 -0.84948
831 -0.84942
832 -0.849366
833 -0.849305
834 -0.849224
835 -0.849111
836 -0.84895
837 -0.848729
838 -0.848441
839 -0.848083
840 -0.847663
841 -0.8472
842 -0.846724
843 -0.846265
844 -0.845852
845 -0.845502
846 -0.845223
847 -0.845013
848 -0.844863
849 -0.84476
850 -0.84469
851 -0.844638
852 -0.844589
853 -0.844528
854 -0.844437
855 -0.8443
856 -0.844099
857 -0.843819
858 -0.843451
859 -0.842997
860 -0.842478
861 -0.841927
862 -0.841388
863 -0.840899
864 -0.840487
865 -0.840164
866 -0.839926
867 -0.83976
868 -0.839649
869 -0.839577
870 -0.839526
871 -0.83948
872 -0.839424
873 -0.839342
874 -0.839219
875 -0.839042
876 -0.838796
877 -0.838477
878 -0.838085
879 -0.837633
880 -0.837148
881 -0.836662
882 -0.836208
883 -0.83581
884 -0.835484
885 -0.835231
886 -0.835044
887 -0.834912
888 -0.83482
889 -0.834755
890 -0.834703
891 -0.834653
892 -0.834592
893 -0.834511
894 -0.834398
895 -0.834245
896 -0.834046
897 -0.833798
898 -0.833501
899 -0.833164
900 -0.8328
901 -0.832428
902 -0.832067
903 -0.831733
904 -0.831441
905 -0.831197
906 -0.831001
907 -0.83085
908 -0.830737
909 -0.830654
910 -0.830591
911 -0.830538
912 -0.830486
913 -0.830426
914 -0.830346
915 -0.830238
916 -0.830093
917 -0.829902
918 -0.829663
919 -0.829374
920 -0.829042
921 -0.828679
922 -0.828302
923 -0.827932
924 -0.827587
925 -0.827282
926 -0.827026
927 -0.82682
928 -0.826662
929 -0.826545
930 -0.826461
931 -0.826399
932 -0.82635
933 -0.826303
934 -0.826245
935 -0.826165
936 -0.826049
937 -0.825885
938 -0.82566
939 -0.825368
940 -0.825007
941 -0.824588
942 -0.824131
943 -0.823664
944 -0.82322
945 -0.822825
946 -0.822495
947 -0.822234
948 -0.822041
949 -0.821904
950 -0.821811
951 -0.821748
952 -0.821703
953 -0.821661
954 -0.821609
955 -0.821532
956 -0.821416
957 -0.821246
958 -0.821008
959 -0.820693
960 -0.820302
961 -0.819846
962 -0.819352
963 -0.818853
964 -0.818386
965 -0.817979
966 -0.817645
967 -0.817389
968 -0.817203
969 -0.817073
970 -0.816986
971 -0.816927
972 -0.816882
973 -0.816839
974 -0.816786
975 -0.816711
976 -0.816605
977 -0.816457
978 -0.816259
979 -0.816007
980 -0.8157
981 -0.815348
982 -0.814965
983 -0.814572
984 -0.81419
985 -0.813841
986 -0.813537
987 -0.813287
988 -0.813089
989 -0.81294
990 -0.81283
991 -0.81275
992 -0.812691
993 -0.812643
994 -0.812597
995 -0.812543
996 -0.812475
997 -0.812384
998 -0.812262
999 -0.812104
