200
1.0
-0.6034060871166812 -0.7486483216178712
0.47867058860472644 0.36233880281270003
1.0
0.15984540765099287 0.0933701432339413
0.5738004532944474 -0.4029888182936
1.0
0.25347456205131513 0.4085950270685545
-0.6709132624435279 -0.022149272405253124
1.0
0.513213639748198 -0.3800422486147863
0.29999435120841544 -0.5756780244595399
1.0
-1.2282503508683977 -0.9705171453634964
-0.22104793743056178 0.4693710261662952
1.0
1.56290852324072 0.09041611529580922
0.410978646837309 -0.3166291693679687
1.0
1.91297030272925 1.4170615795361026
-0.33764682529758483 0.2821903830796226
1.0
-0.16394848094576883 -0.2713588224249918
0.6887765679172139 0.046974850227051945
1.0
0.6352745798457471 0.0202103686029282
0.5381445561376287 -0.36383765649951566
1.0
0.27039060902217876 0.43088749889283945
0.5607392787444564 0.36224788841340416
1.0
-3.3458948848203183 -1.0577927366230286
-0.15616738818054007 0.3356219418209304
1.0
-0.051214337141406156 -0.133992669146949
0.66916743008603 -0.21713766787646566
1.0
-0.20835737379171343 -0.2943396059518675
0.6530581722904024 -0.20944054892142983
1.0
0.21653632068396578 1.3276769567713589
-0.48904617646321735 -0.24316520064524852
1.0
-0.3424116954080114 -1.413688987754376
-0.35982918085672494 -0.3921538623155714
1.0
0.11591599439574438 1.4437488302425907
-0.505271891416063 0.16964636642195666
1.0
-0.5019845215327123 0.979113500566418
-0.15551708929095703 0.5586602292857736
1.0
-0.01615455661604309 -0.7326753606462999
-0.3012597691858099 0.5590503783386698
1.0
-0.5106648720171654 -0.6994713901328773
-0.28761310258249223 -0.5433589810488443
1.0
0.6595022864767297 -0.9171043784285741
0.008588792709155354 -0.5756287399364209
1.0
-0.3413980887255352 -0.520533174041215
0.16827867366206026 -0.6294104462728403
1.0
-1.49907564476443 -0.686048679515297
0.12545568320425413 -0.49353047195920713
1.0
0.9377816633261289 0.625964678458672
0.48397503938557646 0.3123096188454953
1.0
-0.6580224885300322 0.7211903580076308
-0.5977731834706783 0.020965477526162367
1.0
-0.07909535291161329 0.8255363932265612
0.5802486029062986 0.21950252647402452
1.0
0.015792200216326123 0.4179804882826695
-0.6465489780326948 -0.2079626103416536
1.0
1.3683237135224076 -0.23429007049969908
-0.5045227672264948 0.19416355699451784
1.0
-0.5847113059595087 0.4648474813707146
0.48179906863560046 -0.4104274577027767
1.0
0.5032336720015147 -0.40552558243696557
-0.38390513372381185 0.5220617510560349
1.0
-1.7634458542035942 -1.9050088139994061
0.3143430866955481 0.28447082033709314
1.0
0.17441934168484244 -0.6030229916336914
0.4053062698280911 0.50912028237199
1.0
-1.5004411804174953 -0.02486360246786392
0.038049561718348474 -0.5251852103730502
1.0
-2.0158698792592222 -1.0577000969570258
-0.33030776597373246 -0.30329234026412627
1.0
-0.18846319870065792 0.008866700229191407
0.564160426565854 0.4159982198143615
1.0
0.05180495581455505 0.14458603599294775
0.6070980372856777 0.3544532076938923
1.0
-0.06722253415639759 -0.3844847152403808
-0.20694128002736503 -0.650348048163722
1.0
-0.21126050214442776 1.0789915852742382
0.5204519101746082 0.25603409187871684
1.0
1.9049946706512013 0.2933342889687723
0.20937426822869434 -0.43177175884968905
1.0
-0.32757310086827707 -0.42490233715883496
-0.18020580322883822 -0.6388421533962982
1.0
0.37729794218125146 0.7654160533052565
0.5378955037713012 0.3016746622532938
1.0
1.6294791785717673 -0.6397314829063748
0.4289127134596949 0.2530683124938034
1.0
0.7409394723628433 -0.22068247817038952
0.6267288843865852 -0.05273531776627355
1.0
2.501761306115312 -1.4824161678149674
-0.28381801483787555 0.28643075639469273
1.0
-0.17527866593557417 0.18628024150628508
-0.4784827396198378 0.5054301886241297
1.0
1.2036478225229288 0.11726330279074051
0.21699414966283265 -0.5210938678218561
1.0
0.50594496408259 -0.2446412831459663
0.6242806955506324 -0.21484145457266252
1.0
-0.9755612317919921 0.47273338806407317
0.5800003075357231 -0.051147585693367505
1.0
0.7229568578089366 -0.1537254738065128
0.01345836844107081 -0.6339629161964095
1.0
0.6857079897078906 -0.1595289812348629
-0.45569358568688184 0.4485371648566242
1.0
0.8699657279111548 -1.1509936996886703
0.4619091838660735 0.26733150570359293
1.0
-0.03976178049516609 0.13865118397476378
0.11941028323759532 -0.6932673906591538
1.0
-0.322883118036839 0.2843075832122812
-0.6325940394805448 -0.2431535619645877
1.0
0.12233914550966075 -0.16588099805767373
-0.6219570015703357 0.3207421090422389
1.0
-0.11319499644825676 0.25314633192312064
0.5774017757439934 -0.38525999502745784
1.0
0.3098851218611152 0.5594479116657685
0.49694979866488453 0.4174501739996016
1.0
-0.22119326149942686 -0.08247403647733043
-0.6968359114358468 0.03231299918393315
1.0
1.8494288816689914 -0.7844372576384232
0.47082923244898667 0.033644662029583536
1.0
-0.46615604067806565 -1.3215663071742945
-0.5285021005667945 0.10543410793688626
1.0
-2.3725136283450854 -1.1175341443564148
0.39593405057508824 0.14621837513438568
1.0
0.8647803814190153 0.6051555254400939
0.4304485157919132 0.39824329396217273
1.0
-0.7026854015037218 -0.6195572228980951
0.44671771660349785 0.4066165330311921
1.0
1.1749341688665684 -0.07352148800602253
-0.3366993528401427 -0.45862411380971146
1.0
0.23267635145017665 0.28155988346860317
-0.017028749116866432 -0.6850996087663742
1.0
-0.9874084640793559 -0.11422391460127883
-0.5156493452129424 -0.2978633694032763
1.0
0.8279450682389357 -0.8036159550957315
0.5561627211377566 -0.13473367964228747
1.0
-0.04111420294023779 -0.708040107453608
-0.4512071867335044 0.45194160295722163
1.0
-0.5362508902206542 -1.5508466644133605
-0.1134994758832136 0.4973053738721823
1.0
-0.11701936811659037 -0.38024209482852733
0.46219831774857395 -0.5009551927338831
1.0
-1.3685437714099518 1.6650959382689843
0.07575624351464509 0.45243474772837466
1.0
-0.02542936897226119 0.09050992007525342
0.686799074884987 -0.16159176046465712
1.0
0.15801112388721344 -0.40381879784765223
0.6753203234488018 0.05167391059653304
1.0
0.5132108084265256 -1.2935291555487234
0.5305166198274687 -0.1016201277528874
1.0
3.7365969514553603 -4.128700335734458
0.28641826868780224 0.07963309797038862
1.0
0.32636364549416375 -0.197912979585986
0.5297374879337942 -0.4318660100704994
1.0
-0.5088202558810371 -0.03632329971911576
-0.6572974199979026 -0.11557281693846692
1.0
-0.4842917704695781 -0.004614065028207679
0.6701662239584603 -0.029642995226152314
1.0
0.1299188388018496 -0.4149200708957884
0.6056540312884447 0.3028496388750566
1.0
-1.270766824765841 -1.7482271667751217
-0.432229844744787 -0.1521065314510525
1.0
-0.29450593569985467 -0.9460193178859809
0.5849212538005152 -0.11423851263490307
1.0
0.5082164948708255 -1.7173212564410563
-0.4885284380505028 -0.0714011648739894
1.0
0.24744255552415576 -0.20468829592833768
-0.4742125057021317 -0.5011766486623183
1.0
-0.31963821407732135 0.5179779499365632
-0.21848146237531477 -0.6159313784137149
1.0
-0.7410344330641435 0.7356256989389105
-0.5642509677685112 0.1656959377816121
1.0
1.9085139718844062 1.279255262310262
-0.31074560089204983 -0.3208988274002021
1.0
-0.9569412696874967 -0.5126957024656079
-0.5022443727410735 -0.29411327548989685
1.0
1.0289828774156753 0.23640993301902596
0.47687988875489457 -0.3411999594422814
1.0
-0.4723615872551353 0.10372331997722316
0.6437463203186927 0.18898510146013958
1.0
-0.5704639955159722 -0.1566186452133582
-0.12681990005540533 0.6436262884455209
1.0
-0.0655856014243576 0.28062011056993824
0.6597699298216074 -0.21248794948297334
1.0
-0.677964542906928 -0.4352450633474795
0.4814481568847192 -0.3969463364737773
1.0
1.733917713755757 0.3364142091751528
-0.47718938486803786 0.13650354971234208
1.0
0.48889786642208277 0.1168808878375197
-0.4868481749510565 -0.4579447593187085
1.0
0.19696979231432823 -0.4014231813009674
-0.1156599246605053 0.6656351109790624
1.0
-0.4374671312185337 0.5275190946583406
0.2434479354766971 0.5942850410476594
1.0
0.3036831861058279 0.31165009451177456
-0.6595705472456104 0.15310556905703007
1.0
-0.7674723623593651 -0.10796466014083728
-0.38014121867331263 0.5006941187827907
1.0
0.0921596980128016 -0.7297568551824961
-0.5489749796191558 -0.3184370794199621
1.0
0.186030141582037 0.8528944325942948
0.5419744329473722 0.2879845031145996
1.0
-2.328866590639106 -2.2679345772262467
0.37847185419812224 -0.06142020369562328
1.0
1.5879658841256379 0.9438058187681512
0.4860535110070363 -0.042217583068075215
1.0
2.8496870090768005 0.9593257247030254
-0.12710565540767504 -0.37634388953040276
1.0
-0.5814725864813075 -0.1160595372112642
-0.6390101667972705 -0.14746476673378867
1.0
-1.0434558243339551 -0.272357003562362
-0.2130329912662538 0.5427610360855273
1.0
-0.49036706037749267 -0.5736342635272547
0.24650040187922026 -0.5816721597283073
1.0
-0.038678804954403026 -0.2555369074636933
-0.2774011460420224 -0.6380770843109317
1.0
1.2205655006769285 -0.1866256389154323
0.2927523632033008 0.47851728310554426
1.0
-0.8957335328527658 -0.09206145179567901
0.5165626640289138 -0.32361483158928
1.0
-0.20058720231495242 0.40649427694120455
0.29702681733187175 -0.6059482252677069
1.0
0.3623343020313885 -1.241738706968092
0.5257213759087574 -0.17154823209015857
1.0
-0.2776739071084214 2.109253536747316
-0.07008621843888645 -0.4558349082990701
1.0
-1.050746428874925 0.423895424435518
-0.43523391483966933 -0.3760746739065797
1.0
1.3578636152928885 0.7294322789612089
-0.45433328408988577 0.25634336588063694
1.0
0.2203285505047833 0.03539452620894117
0.6370891094018505 -0.28655640913521085
1.0
0.37994520033196816 -0.09084212926683104
0.4547173189484035 -0.508877428174079
1.0
0.30681726475087956 -0.511582949828613
0.629016513089347 0.18368374558478873
1.0
-0.10320063228426272 -0.29225143240899226
0.6816147656622336 0.11396671425357432
1.0
-0.3329972283866258 0.21441243369662336
-0.48652648993064057 0.4776609174804121
1.0
0.6657035400742771 1.2726135342464404
0.1984941757730539 -0.49629096293640024
1.0
0.1556024921714301 0.2334690908180806
0.6916214616007309 -0.05541077358656709
1.0
-0.0010890888557453648 0.7136066283994624
0.37363223855166333 0.5171036724207598
1.0
-0.37290461193053537 -0.11916395605267087
-0.5664398761257698 -0.38044609972481797
1.0
-0.06077409405935417 -0.2686815816400152
-0.5087712767466096 0.47243688752285073
1.0
-0.5725903235335658 -0.9047360875126454
0.5737872092951094 -0.10977564119181904
1.0
-0.34244539625594844 1.7992212669005063
0.2677654184691117 -0.40976867057558153
1.0
1.2443557382553376 -0.3626612531980733
0.29121072836895 -0.46970532412622495
1.0
-0.06637189475303593 -0.8711040265866994
-0.6017983269597615 0.11992857429975004
1.0
-0.35668462118323935 -0.12678146171359947
-0.5882020592639725 0.3487627255453213
1.0
-0.2476056330296029 -0.20938724211512005
-0.10106243240185359 0.6822061719448668
1.0
-4.500812553013241 2.4890912822153486
0.28973630467284084 0.10714899820565843
1.0
0.010716342174097851 0.7516242326696216
0.41725177607765707 -0.4749468029754883
1.0
-0.5491951441452684 0.6991530122573621
0.23535189576919377 -0.5641649817377042
1.0
0.06475247070384522 -1.312411504877743
0.5502731098157233 -0.000976136579637155
1.0
1.7572807963705706 0.15935781781638172
0.49640595703851226 -0.010491302493257623
1.0
0.7685703601644798 0.6868469925012112
-0.5546223091307818 -0.20137738359761734
1.0
0.1916264485772062 0.056984148298559224
0.08333837705912628 -0.6952356593516353
1.0
1.025354758978876 0.26827711936006715
0.5508518277277945 -0.1992352775537507
1.0
0.45575465748169486 -0.5840574064089958
0.3714282653314495 -0.5136162710383873
1.0
-0.14772736520860358 -0.49292694195759895
0.01110954157401398 0.6666827497394104
1.0
-0.9683738251584526 0.1585325474895573
-0.5687841771319595 0.18266164262546009
1.0
0.11339211620710905 0.08004951446118894
0.48444692606142364 0.5104539613547325
1.0
-0.1605428647609192 0.008465071083280947
0.6735314257031119 -0.20004152843517883
1.0
-1.2109617469546987 0.2037355458925142
-0.44143104525052834 -0.347657360550013
1.0
0.35740737852963717 0.682284023002531
0.08420420773607226 0.6237231925139446
1.0
-1.01343714596292 0.447262324138101
-0.2734169631187984 -0.5101822917349182
1.0
-0.9195764648051371 0.6814024274140543
-0.4227020434258405 -0.38769034601983776
1.0
-2.1148308353336063 -1.8846451851642407
-0.25640512448767033 0.3173289137149822
1.0
-0.41323063428227114 -0.46927451574443085
0.492287715222016 0.42614332518652637
1.0
0.7320363369522926 0.21419338342187033
-0.2982798722389175 -0.5555059850135815
1.0
-1.7601091457611304 1.7686983298296353
-0.42777098651747086 -0.05488047530950677
1.0
-0.8153259384626144 -0.8241843145956994
0.07987527799642667 -0.5658609682785525
1.0
-0.2573357935794741 -0.005071636839905866
-0.6902807980208355 -0.08792328586773676
1.0
0.7827578266683922 -0.9898517983648443
0.33369521495327886 -0.44629762317842603
1.0
-0.8793237376655194 -1.3607740876209837
-0.485446782340101 -0.1641868362022195
1.0
0.4063066665010503 0.6671127849426427
-0.5822729008458738 -0.23451700955719534
1.0
0.08888320988957359 0.0422138797388429
0.5039524228404076 -0.49358771564992737
1.0
-0.7850907534472349 -0.9789355159406194
-0.45867965987396686 0.3181519658983871
1.0
0.5430618095226576 0.09130685518312458
0.4407204821809714 0.49370721551324104
1.0
-0.3829194564954631 -0.22898388948967688
0.6647122853727411 0.12153904925754545
1.0
1.1791424013675786 -0.46488342502851365
0.017960005955920188 -0.5562173885961375
1.0
-0.4316897062144123 -0.2215794194137742
-0.48802546140220743 -0.46007591337655557
1.0
-0.7430556155884613 0.6292395437906557
-0.1703041219242637 -0.5737864539519457
1.0
-0.37148516345586796 -0.46842479685695204
0.1510711697198297 0.6374407782595483
1.0
-0.5759849080969536 0.15464675929431285
0.4291117721761926 0.49527067328801955
1.0
-0.6889791152159467 -0.20306565524611245
0.6345989080162188 0.05815597004500445
1.0
1.858929421472378 -0.7162825782571773
-0.27979610534482 0.38213164791736837
1.0
-0.269438720433647 0.23424469198868852
-0.5795789190941902 -0.36739163024454297
1.0
1.0333924293712295 -0.257105782780289
-0.45599484801593954 0.3665263382799188
1.0
1.1898018390869642 -0.8047622418940305
-0.4937710834204068 0.20461783764470007
1.0
0.9112574954567011 2.571145063003453
0.34187158978792287 -0.23498704825946665
1.0
0.5875870341701689 0.27362271949667644
-0.374967311605377 0.5281773348315935
1.0
0.438793520723247 0.3220910775216722
-0.6601311347063081 -0.05817447025760693
1.0
3.7665775367684216 0.43313382537714296
0.07494557600068313 -0.3491413763259208
1.0
0.6216774556997645 0.41931830648258095
-0.5034872090102277 0.3827856617313865
1.0
-0.5313954427298181 -1.1869731939321422
-0.39745313159305534 -0.383162520261158
1.0
0.52520131082088 0.25194898362313595
0.42645473024058883 -0.5001810337343728
1.0
-0.6234465820858307 1.347333039892009
0.5021590182529881 -0.16483518676536849
1.0
0.29681890814318374 -0.4374926443966321
0.400613833155415 0.5306000529500132
1.0
0.9301257876130247 0.1369824063422697
0.5404826899847828 -0.26863258469747686
1.0
0.0831657242664797 -0.19395926170082262
-0.6985878718290903 0.03463273526528732
1.0
-0.32990034769700394 1.6262012484058281
-0.026304125741054896 0.5073373870855435
1.0
0.7544776100530389 0.692304911924449
-0.5716752458346397 0.1500948692121567
1.0
-0.5936184718353578 -1.7070743933552415
0.488135653142523 -0.06156437188440836
1.0
-0.15957391620985817 -0.16768291718019193
-0.6971892257725231 0.032360157924306555
1.0
0.21678434128060073 -0.21015257298580925
-0.32853630409720685 0.6088698595803665
1.0
-0.11347843320962692 -1.2062231371721024
-0.3773213861006286 -0.41941554859104985
1.0
0.1862974583058803 -0.5333802296714911
0.040826198340689915 0.6585279784242145
1.0
-0.07587500319821727 0.37185954934316445
0.6075017095841369 0.3137000195106395
1.0
0.3051486816768698 0.6222875309695941
0.4421088188225276 0.46420645410240946
1.0
0.0028056086377220486 -0.7263490371066177
0.44105807436451705 0.4582711523846306
1.0
0.43885270826217015 -1.1762359084680865
0.32264510386844825 0.4554346436276287
1.0
1.9632462571519467 -0.1172623996118721
0.30613540070917444 0.3645507815924308
1.0
-0.23358621738912058 0.1429043583042164
-0.439704925559744 -0.53749972076826
1.0
-0.18670874291454467 0.19383949854573992
0.2884061314741433 0.6321719151553091
1.0
0.09860539032114678 -0.5886955877976581
-0.3705657120204165 0.5403834028413506
1.0
-0.5551877765372814 0.865150032596325
0.47059289295864404 -0.3566324071190454
1.0
0.9143166754193323 -0.42494252276410704
-0.5854561433635092 0.09664670428525014
1.0
0.3072155832656487 -0.37899280811598757
-0.3319207828761345 -0.58240992126082
1.0
-0.2471678423692548 0.11822228915307703
0.32563700696198705 0.6133416738625401
1.0
0.0015782137527218625 -0.2883564453230369
0.2458621690497826 0.6480559236909708
1.0
0.012117669255516854 -0.4244148369953301
0.6561613704417194 0.17229619754028153