200
1.0
0.4118730603959169 -0.16282904574805804
0.5524412932441911 1.397390036232383
1.0
-0.7153563263476213 1.1164249561562756
-0.7312056931002755 -0.4685246558994515
1.0
-0.03399496976616766 -0.9214518372921185
1.040688244217022 -0.038393938745762336
1.0
-0.3416247668868076 0.3418331541215105
-1.0174638244704148 -1.0168435614261924
1.0
-0.0028796435874310624 -0.02348843236895736
-3.1387771591664753 0.3848089722119691
1.0
-0.17021208931072757 -0.1890401860995713
1.4734449183696683 -1.3266921875958966
1.0
0.12346453339590578 0.16485532568094788
2.531125685491245 -1.8956272746103007
1.0
-0.7417490352711215 0.9842690133323562
-0.7193667963462612 -0.542117673083487
1.0
0.8324619248765281 -0.08707023438409145
0.11370489558110142 1.0871108469259236
1.0
-0.09885313827903602 -0.6062307306713097
1.2593124954664934 -0.2053458954695624
1.0
0.29546389592820577 0.12811089345591165
1.257977837405729 -2.901291395326572
1.0
-1.208597516825905 0.2803384411269399
-0.2028573323320732 -0.8745602891308597
1.0
-0.31869279102249937 0.7441648269808946
-1.0216825085536014 -0.4375413058835354
1.0
0.3602610105350165 -0.285870944739819
0.9165824577695603 1.1550978808821073
1.0
0.08527265429227178 -0.10730411355209733
-2.4757332806825896 -1.967420830153179
1.0
-0.047175394747211274 0.04254973759455609
-2.1179778448603144 -2.348226958511647
1.0
-0.27823690068989965 -0.1256455782606981
0.7448627288062283 -1.6494674939730323
1.0
0.27456091350089895 0.45818691803733425
-1.1736665460913387 0.7033002173449783
1.0
-0.34163472876695017 0.014253174645448329
-0.07128565279261491 -1.7086477407724168
1.0
0.3631320627338324 0.20254386871036686
-0.7554291546994797 1.354375962807196
1.0
0.24510647961564894 0.3139883017040374
-1.248966792293862 0.9749721628309365
1.0
0.04770150143375544 0.10024746886313851
-2.710088856650947 1.2895618108585976
1.0
0.14559624501090415 -0.2806894381439519
1.5786123487515276 0.8188410359359249
1.0
-0.25328266195245125 -0.39502289773934524
1.2288995631233797 -0.7879516716660747
1.0
0.4147214430065605 0.431370211176462
-0.9319024167216448 0.8959355676185137
1.0
-0.3804588064307422 0.41125224142287303
-0.9807048815896359 -0.9072724015301699
1.0
-0.07240797921817307 -0.07898103498708804
-2.330958210837317 2.1369683711580985
1.0
-0.2484836515389775 0.7285612014170894
-1.0787597511391376 -0.36792264201683034
1.0
-0.43096812292634956 0.49838325350791984
-0.9318726220251355 -0.8058204040642917
1.0
-0.05081458830652286 -0.08987657569126835
-2.7527674183901665 1.5563648480512338
1.0
-0.16222206068195869 0.9033246410039519
-1.027399492034447 -0.18450383746444973
1.0
-0.1249963569514359 -0.14791801312617217
1.7356588503784853 -1.466697859325433
1.0
-0.20781322154318066 -0.2176260848473012
1.3184200185376005 -1.258971835070057
1.0
-0.014410287842832426 -0.9622813416195155
1.0192387611402218 -0.01526323258422893
1.0
1.3420387854536426 -0.31179173397834725
0.19279422372020733 0.8298402351548974
1.0
0.7708815889209489 -0.8660842107203255
0.6937026696253225 0.617448753343175
1.0
-0.2521239118419246 -0.03697626635762004
0.28745534457166627 -1.9600239043156231
1.0
0.2340016382645655 0.17464030213061174
-1.10688054058128 1.4831161919628095
1.0
-0.29955247968211746 -0.756133960900791
1.0308987301973707 -0.4084041808727672
1.0
-0.7033464573176957 -0.12217491378431469
0.2025560918307206 -1.1660913454685464
1.0
-0.06897854232475646 -0.01659398981836371
-0.7396395156850714 3.074562308172849
1.0
0.36517770884144507 -0.516293341385533
1.0266488274730927 0.72615553319992
1.0
0.23003996821396958 -0.08737127851346078
0.715766942878741 1.8845438408351587
1.0
0.46356004846671134 0.3098373437272739
-0.7441864126716533 1.113407071518128
1.0
0.003956818705349539 0.02177164027339037
-3.1113116141447974 0.5654556036398399
1.0
-0.24480197221963765 0.07022664992989101
-0.5464121000572486 -1.904729328142907
1.0
0.11526474072038571 0.23063000345374918
-1.761636772986347 0.8804344744437776
1.0
0.48518467357105477 -0.45269147017695244
0.837463412329915 0.897574703981419
1.0
-0.6812251538558873 0.5036358855590441
-0.6458799845289832 -0.8736265711979576
1.0
-0.19967336220639 -0.00014045983565502706
0.0015742430999947357 -2.2378953473801038
1.0
1.1854539597319034 0.5220354801870013
-0.354111948880248 0.8041281252341284
1.0
-0.4990758785892288 -0.006048696427898556
0.017153947527370157 -1.4153663579493116
1.0
-0.48717162282536475 -0.3482127811565725
0.7514456819021531 -1.0513198599472917
1.0
0.8690850395911777 0.16015106248748462
-0.19277886203233188 1.04614494802246
1.0
-0.4125762559326125 -0.5338712934582963
0.9632918502467288 -0.744432880761812
1.0
-0.22989257026138607 0.8859955365828779
-1.011722078266138 -0.2625153055057597
1.0
-0.3247186369019486 -0.013422128618064397
-0.13060009414195423 3.15957965802575
1.0
0.1065113021681582 -0.14281428483560704
1.8991555274698433 1.416395625154121
1.0
-0.1695326969859872 -0.13330698344431421
-1.9546544240831096 2.485825030530574
1.0
-0.2839112522448004 0.3609966683989854
-1.1598675430229222 -0.9121952511034953
1.0
-0.4107248338110349 0.2115331710442761
-0.6736275378970353 -1.3079535336582524
1.0
0.022763620871996574 0.08020528110906017
-3.042125652366058 0.863406923308116
1.0
-0.2224793385856556 0.6910331798716189
-1.1171877379906103 -0.359680542503519
1.0
-0.04670205582498797 0.1371787390293111
-2.486774893885442 -0.8466144297594197
1.0
-0.21620989780234134 -0.15903187419808285
1.1437038653733003 -1.5549090211972425
1.0
0.342791880157131 0.6487260116166332
-1.0321949704033386 0.545419866411015
1.0
-0.020420040964161945 0.05238149484142446
2.9463168072959642 1.1485718397406914
1.0
0.4879302800708302 -0.7598318172308455
0.8854852198298692 0.56861932010792
1.0
0.02749083716415135 -0.01538048479260971
-1.5440001508016792 -2.7597216407319767
1.0
-0.7285182522230581 -0.3941605494188102
0.5228558045823358 -0.9663828546024102
1.0
-0.6666172804094184 0.34551432796823395
-0.5310630560635136 -1.0246052956493357
1.0
0.008167485132571704 -0.0016515018304777602
-0.626742275152327 -3.0995474057573125
1.0
0.07272334815569596 -0.07602620613444817
-2.285154725588445 -2.1858792007155383
1.0
-0.5325130321243525 -0.21925871197164187
0.5017094104665882 -1.2185002685204072
1.0
-0.9835392222470591 -0.49215429725551085
0.4267065451216091 -0.8527460307813816
1.0
0.641322055920861 0.3612342248897207
-0.572030482381703 1.0155620363004947
1.0
0.5373638891251178 -0.33137835739382576
0.6606088794109791 1.0712448435761477
1.0
0.02984793228263948 0.11296386441756322
-2.82845116150603 0.7473488904497775
1.0
0.33491826462770913 -0.026941338535446998
0.1383279762051225 1.719608908040248
1.0
0.05464768891625036 -0.0463783972927275
2.0461958002992366 2.4110335432834127
1.0
-0.8732391766284702 -0.45773862271342386
0.4675671225364379 -0.8919892463561785
1.0
-0.39020728488462375 0.6693674638439818
-0.9814777508503789 -0.5721517537387502
1.0
-0.1444817153447748 -0.17221812540062229
1.615811840045521 -1.3555789541960153
1.0
0.03174184256879413 0.040688600317454825
2.493322530548657 -1.9450816843151966
1.0
-0.11728519399462638 0.22752107371565805
-1.7568431151027226 -0.9056378040412087
1.0
0.0374872496075821 -0.12989993237317965
-3.038290581067375 -0.8768069029137896
1.0
0.40872145678622496 0.12209422710843085
-0.43824076498791603 1.4670505570250847
1.0
-0.8663538713503185 -0.2814758782599773
0.32375166654079524 -0.9964744098059963
1.0
-1.2148786272394678 0.05681240553798395
-0.04235769445136817 -0.9057785390499253
1.0
0.41314577659969204 -0.08797071598414091
0.3204353055783204 1.5048927554139837
1.0
0.16540230648434934 0.16680148689980126
-1.465074655439892 1.4527851740739501
1.0
-0.6129690453200193 -0.4750380641891616
0.6956007797797458 -0.8975738536515785
1.0
-1.2381395570412346 0.6016071833133394
-0.3724943775495878 -0.7666132260581519
1.0
0.2745012911131048 -0.7356465187064383
1.0573170503824547 0.39453037303327804
1.0
0.04410714401667421 0.7440775248010034
-1.1562410474015197 0.0685392162723476
1.0
-0.26072281394988106 0.15376391622614927
-0.9233421987515538 -1.5656233413248326
1.0
-0.07887334140124047 -0.1853604759091283
2.050156605299026 -0.8723688319349802
1.0
0.43949883087880365 0.161504235582492
-0.5040688400098223 1.371714277757107
1.0
0.07830522241843925 0.09852295143349572
2.4756010925180663 -1.9675871596255552
1.0
-0.08388450820713102 -0.15535952165885286
-2.7825773159660567 1.5024192093657271
1.0
-0.08673908671407883 -0.04536386931138531
-1.4655215533144539 2.802186035360749
1.0
-0.4083115671553836 -0.09882487108130697
0.3629409546906704 -1.4995515640257675
1.0
-0.16523037474926439 0.6304932256049007
-1.1981869188604006 -0.3140031733616641
1.0
0.6610338737606212 0.17922156207931883
-0.31619194356157154 1.166230128113164
1.0
-0.8586088280541448 0.2890952208450912
-0.33525000110024655 -0.9956878903372611
1.0
-0.24989236531011108 -0.4846496020869238
1.2036417534227613 -0.6206151484570435
1.0
-0.23463785117536107 0.35538557851059005
-1.2788062501966861 -0.8443121183287697
1.0
0.5183897271996696 -0.26740293404667764
0.6002533207858805 1.1636564734124104
1.0
0.5279864723676108 -0.07596289619048933
0.19498173538145286 1.3552368827803785
1.0
0.0911290776931234 -0.1607247888500345
2.023784050620672 1.1474619148835523
1.0
-0.03985392805921825 -0.07200916728005835
2.766790195323419 -1.5312974939776391
1.0
0.033054674958682105 0.11863467344858648
-2.7449929137179137 0.7648257114826866
1.0
0.0718642213371213 -0.7511440991456159
1.1459627558466217 0.1096377129553861
1.0
0.4185160157392063 0.32772067206072025
-0.8456192611158327 1.0798989327379327
1.0
0.4387653021510742 -0.6911260793029899
0.9330790178651859 0.5923704942770125
1.0
0.9630044574970684 -0.8021803988721063
0.5716979815300116 0.6863140826297515
1.0
-0.4998231103932476 -0.15719234444366567
0.4144632028581194 -1.3178649884589884
1.0
0.13036684206375004 -0.2692647939809757
1.6455678008438517 0.7967156583157317
1.0
-0.5103302345655836 0.5664479637492548
-0.8508630046608082 -0.7665684132354669
1.0
0.18957042062027482 0.3991914784803144
-1.3588451086062705 0.6452964371307259
1.0
0.24649563943504607 0.6433565648437933
-1.1250178908635815 0.43103936376497004
1.0
-0.649902085716638 0.3174590587992445
-0.5160790147696478 -1.0565167973533345
1.0
0.2802275556163011 -0.16989679108720424
0.9056387726174968 1.4937594636009701
1.0
0.03778436545057446 -0.04151900600051604
-2.3387793327652058 -2.128405796043212
1.0
0.18483980647030035 0.21300987833751187
-1.4222135227435102 1.2341290195322367
1.0
0.3682413871296758 0.19579954924113113
-0.7269651954890136 1.3672078052242802
1.0
0.21344712699636428 0.7400588596579699
-1.0948124146752853 0.3157648360839744
1.0
0.19632256072319237 -0.6502263767809615
1.1615848684021737 0.35071680264802246
1.0
-0.09662791461747114 0.0491331773399623
1.4332997061394737 2.818803283732389
1.0
-0.37484802521468796 -0.54543745162722
1.0130471595092274 -0.6962094848061807
1.0
-0.19615690330201635 -0.47898483723729424
1.286285461604549 -0.5267677665248389
1.0
-0.024382268637059702 0.010625097598814382
-1.2632932306408011 -2.8989808922131806
1.0
0.10778862214958536 0.0889190463767933
-1.7023614790110904 2.0636208517754135
1.0
-0.36544252109299163 0.32325059796528594
-0.9485342027335609 -1.0723405697368846
1.0
-0.17485484289182765 0.5833881020574951
-1.227442015711029 -0.3678926259535341
1.0
-0.12809183639927713 0.41244208270910326
-1.4532017717106112 -0.4513198128920873
1.0
0.04431844987362483 -0.3837149948754563
1.5983771667188156 0.18460992999600215
1.0
-0.06719570131062148 0.8143711565938347
-1.1025003101159954 -0.09096992315307503
1.0
-0.017928565515611176 0.21021461991153556
-2.169241314087467 -0.18500799342669058
1.0
-0.4213420689239116 0.442215352972455
-0.9263588065807218 -0.8826331639257199
1.0
0.030032298776263077 -0.6362303870127327
1.2516065927001667 0.05908020727963087
1.0
-0.12037628103508023 -0.2320326210796423
1.7361708192765428 -0.9007086395597975
1.0
0.49852945383676284 0.23039388393901225
-0.5660873486337411 1.2249075883150808
1.0
-0.05563609943009943 -0.10634011950228993
2.5576666011574214 -1.3381458850812604
1.0
-0.2914048870213457 -0.29204127937522484
1.1020851883378415 -1.0996836148730147
1.0
0.18076415327494635 0.2336569349337863
2.5011693391384315 -1.9349811205678014
1.0
0.4342841553842803 0.40869139439593954
-0.8874531466946316 0.9430265612150824
1.0
0.2452553634947491 -0.08773505770498512
0.6599668735388935 1.8448772896296566
1.0
-0.06804803885643569 0.03991058951850481
1.5998328417557337 2.727734385610112
1.0
0.16582175353094952 -0.23562651021886624
1.523526551109698 1.0721792043743554
1.0
0.11099923824589221 0.727767058940648
-1.1521619511636803 0.17572806757869372
1.0
-0.15557209944476483 -0.047461549714828424
0.7235318972376487 -2.371632973319185
1.0
0.05199531336179536 -0.34222607617302603
1.6803901665494407 0.25530612470232417
1.0
0.3539606551473162 0.12101033488082437
-0.5289145381081114 1.547098738385145
1.0
0.7061200038727798 -0.9112171716815463
0.7362024009704744 0.5704976358875053
1.0
0.00820619313666027 -0.01386781115047381
2.7214931095622092 1.61042704106874
1.0
0.7209453211760964 0.2926974975888226
-0.4264507816070591 1.0503940014663087
1.0
0.3751132997370284 0.9806375628491144
-0.9115194392767371 0.34867424785170364
1.0
0.17649624138934755 0.18638543139828123
2.29615244938643 -2.1743237866464824
1.0
0.3198216746742179 0.47041467606346227
-1.0964750800023337 0.7454624912203732
1.0
-0.20341838760359965 -0.438293098042914
1.304900914104246 -0.6056240472752306
1.0
0.35834744961177317 0.47084196215191426
-1.0344902013207466 0.7873277130980374
1.0
-0.6880993108443018 0.16565620522036553
-0.2782144693527877 -1.1556414948290215
1.0
0.40855974266565787 -0.07270064621351963
0.2719576099879788 1.5283348489960662
1.0
0.10723136156770585 0.00899211457851981
-0.2547397052346005 3.0377821811695322
1.0
0.7635253789931391 0.25241560479492975
-0.3500231670334497 1.0587759480350551
1.0
0.1159596537040322 0.5420722173127058
-1.3133998507385827 0.2809614420410617
1.0
-0.22397879152263822 -0.07869900236324412
0.6803631819448653 -1.936325985241195
1.0
-0.014761027241677395 -0.10728497133962714
3.0103862860053865 -0.4141902954424742
1.0
-0.49287436331270223 -0.12515974037297972
0.345148296901955 -1.3591810479717166
1.0
0.3698272138680927 0.4468532751293999
-1.0115201273470393 0.8371599611973874
1.0
-0.06856545974018373 -0.013715565784564168
-0.6202812478770605 3.100846847803367
1.0
-0.5909389620353804 -0.007254294535888144
0.015967325021255342 -1.3007073848273207
1.0
0.09292215672450634 -0.10777032877358508
2.007691541868428 1.7310796972690514
1.0
0.6061073706243124 0.3564021670429555
-0.6044897867386351 1.0280120299191298
1.0
0.5687812299572267 -0.15471003011630213
0.34186275063683974 1.2568358731338214
1.0
0.6826322374610163 -0.5315258123064078
0.6605074110566406 0.8482817606029217
1.0
0.15671196909110796 -0.28075489508973883
1.5399045064971586 0.8595450040089454
1.0
1.094608512521902 0.4325472379948202
-0.33875359943765293 0.8572533610683463
1.0
0.043363736499232364 -0.03528530297498973
1.995889273252217 2.4528403961360263
1.0
-0.051171256607406616 0.04256223528045603
2.022183381260822 2.431208418164216
1.0
0.020327069332760458 -0.08576788046669197
-3.0770404053480815 -0.7292615058093461
1.0
0.36353195721171977 -0.4134411204053854
1.0121292840860632 0.8899485838136545
1.0
-0.7176039358162153 -0.3692597410403014
0.5093215695690808 -0.9897942350530288
1.0
-0.243454918064741 0.09579928146559423
-0.715883963391148 -1.8192774411762958
1.0
0.4722232533560414 -0.8761110515227363
0.8823620094357937 0.4755925153658803
1.0
-0.8040902059696682 0.36391654064008633
-0.43888450280426256 -0.9697353399657531
1.0
0.3744165486243804 0.34831375858449876
-0.9524761774537577 1.0238551714363713
1.0
-0.3270143169141867 -0.6138615273138941
1.0582664499160843 -0.5637562623395193
1.0
0.20037280325106405 -0.0008879926738787637
-0.014014136522135524 -3.1622466070781923
1.0
-0.12883442183781818 -0.055361836319351244
1.0543120192815523 -2.45352554162519
1.0
-0.7359361333862936 -0.750877093449589
0.6965043582228135 -0.682645307399582
1.0
-0.5135005198282785 -0.3193435193343439
0.6791211934246756 -1.092018671858069
1.0
0.16266026849570342 -0.8463633766386214
1.0578098845035768 0.20329759602089711
1.0
0.31241891410757205 0.26042841734968736
-1.003992681523005 1.2044242580186428
1.0
0.06837440420491869 0.25721940752211886
-1.8733078477532368 0.4979651777306565
1.0
-0.7847390004095453 0.3331088413679258
-0.4231899727534353 -0.9969524520517574
1.0
-0.8422605322860204 -1.0566317241213943
0.6726987932654271 -0.5362205494587328
1.0
0.8896371013879415 -0.247636022614693
0.2790531416264153 1.0025036964674339
1.0
-0.5871045953939318 0.5860128544376952
-0.775652354101809 -0.7770973931250345