3
1
1
1
-0.996404 0.00532725
1.00335 0.00532725
-0.00694234 -0.0106545
-0.953098 0.0581821
1.03037 0.0583032
-0.0772741 -0.116485
-0.894988 0.10847
1.04697 0.11009
-0.15198 -0.21856
-0.820454 0.152535
1.05464 0.160191
-0.234182 -0.312727
-0.729303 0.185482
1.05444 0.208467
-0.325141 -0.393949
-0.623777 0.202174
1.04703 0.254938
-0.423255 -0.457112
-0.508638 0.199124
1.03264 0.299656
-0.524 -0.49878
-0.389653 0.176115
1.01113 0.342596
-0.621474 -0.518711
-0.271352 0.136165
0.982002 0.383548
-0.71065 -0.519713
-0.155771 0.0840905
0.944447 0.421996
-0.788675 -0.506087
-0.0426232 0.0251022
0.897382 0.45695
-0.854759 -0.482053
0.0697966 -0.0357716
0.839607 0.486731
-0.909404 -0.450959
0.183586 -0.0935874
0.770092 0.508732
-0.953678 -0.415144
0.300216 -0.14319
0.688528 0.519285
-0.988743 -0.376095
0.419464 -0.179241
0.596146 0.513913
-1.01561 -0.334672
0.538546 -0.197063
0.496465 0.488369
-1.03501 -0.291306
0.652243 -0.194282
0.395103 0.440431
-1.04735 -0.24615
0.754631 -0.172118
0.298024 0.371318
-1.05265 -0.1992
0.841442 -0.13489
0.209141 0.285288
-1.05058 -0.150398
0.911202 -0.0880088
0.129161 0.18776
-1.04036 -0.0997515
0.964711 -0.0361817
0.0560743 0.0836589
-1.02079 -0.0474772
1.00389 0.0172989
-0.0136889 -0.0230789
-0.990206 0.00578005
1.03091 0.0704607
-0.0842768 -0.129113
-0.946628 0.0586527
1.04765 0.122282
-0.159663 -0.230975
-0.88799 0.108693
1.05563 0.172337
-0.242853 -0.324436
-0.812776 0.1521
1.05587 0.220523
-0.334859 -0.404419
-0.721015 0.183897
1.049 0.266881
-0.433766 -0.465916
-0.61523 0.199035
1.03521 0.311465
-0.534836 -0.505776
-0.500375 0.194311
1.01436 0.35424
-0.632176 -0.524091
-0.382185 0.169851
0.985957 0.394978
-0.72095 -0.523866
-0.265007 0.128888
0.949211 0.433145
-0.798519 -0.509424
-0.150692 0.0762786
0.903111 0.467747
-0.864228 -0.484904
-0.0388831 0.0171565
0.846569 0.497146
-0.918639 -0.453554
0.0720693 -0.0435916
0.778702 0.51887
-0.962825 -0.417631
0.184123 -0.10124
0.699318 0.529543
-0.997934 -0.378568
0.298616 -0.150975
0.609586 0.525135
-1.02496 -0.337202
0.415372 -0.187934
0.512617 0.501833
-1.04462 -0.293956
0.532004 -0.207877
0.413327 0.457462
-1.05734 -0.24899
0.644014 -0.208471
0.31711 0.392682
-1.06319 -0.202311
0.746082 -0.190371
0.227902 0.310891
-1.06189 -0.153863
0.833991 -0.157028
0.146971 0.216854
-1.05277 -0.103629
0.905801 -0.113225
0.0730251 0.115248
-1.03474 -0.0517625
0.961718 -0.0634855
0.00306619 0.0100015
-1.00629 0.00122656
1.00323 -0.011228
-0.0667243 -0.095543
-0.965538 0.0542062
1.03226 0.0413368
-0.140253 -0.198045
-0.910418 0.105082
1.05067 0.0929631
-0.220771 -0.293539
-0.839213 0.150481
1.05998 0.143058
-0.309908 -0.377171
-0.751412 0.185754
1.06132 0.191416
-0.406646 -0.443794
-0.648741 0.205763
1.05539 0.238031
-0.507013 -0.489555
-0.535487 0.206602
1.0425 0.282953
-0.605281 -0.513525
-0.417316 0.187345
1.0226 0.326181
-0.696162 -0.517939
-0.299098 0.150378
0.99526 0.367561
-0.776345 -0.506862
-0.183398 0.100188
0.959743 0.406675
-0.844644 -0.484572
-0.070371 0.0418941
0.915015 0.442678
-0.90133 -0.454604
0.0414618 -0.0194978
0.859868 0.474101
-0.947375 -0.419498
0.15422 -0.0791051
0.793155 0.498603
-0.983939 -0.380912
0.269672 -0.131861
0.714267 0.512773
-1.01207 -0.33983
0.388171 -0.172398
0.623904 0.512228
-1.03258 -0.296769
0.507644 -0.195646
0.524939 0.492414
-1.04595 -0.251935
0.623333 -0.198372
0.422616 0.450306
-1.05229 -0.205351
0.729131 -0.180809
0.323163 0.38616
-1.05136 -0.156965
0.82006 -0.14671
0.231298 0.303675
-1.04246 -0.106757
0.893902 -0.101525
0.148562 0.208281
-1.02449 -0.0548872
0.951018 -0.0503298
0.073476 0.105217
-0.995893 -0.00189302
0.993203 0.00317735
0.00268964 -0.00128434
-0.954719 0.0510303
1.02265 0.0567198
-0.0679302 -0.10775
-0.898888 0.101677
1.04137 0.109084
-0.142486 -0.21076
-0.826708 0.146519
1.05098 0.159734
-0.224276 -0.306252
-0.737819 0.180758
1.05263 0.208516
-0.314807 -0.389274
-0.634218 0.19923
1.047 0.255454
-0.412784 -0.454684
-0.520465 0.198229
1.0344 0.300607
-0.513937 -0.498837
-0.402313 0.177213
1.01474 0.343966
-0.612425 -0.521178
-0.284482 0.138925
0.987569 0.385344
-0.703087 -0.524269
-0.169278 0.0880516
0.952142 0.424268
-0.782863 -0.51232
-0.0566627 0.0297591
0.907451 0.459823
-0.850788 -0.489582
0.054891 -0.0309735
0.852371 0.490463
-0.907262 -0.45949
0.16739 -0.0893351
0.785919 0.513805
-0.953309 -0.42447
0.28236 -0.140418
0.707729 0.526507
-0.990088 -0.386088
0.399884 -0.179187
0.618745 0.524454
-1.01863 -0.345267
0.517802 -0.201089
0.521904 0.503578
-1.03971 -0.302488
0.631641 -0.203392
0.422139 0.461335
-1.05378 -0.257943
0.735869 -0.186445
0.325106 0.398098
-1.06098 -0.211653
0.825951 -0.153639
0.235099 0.317205
-1.06105 -0.163566
0.899723 -0.109902
0.153654 0.223559
-1.05338 -0.113656
0.957315 -0.0599562
0.0796001 0.122012
-1.03691 -0.0620554
1.00024 -0.00737724
0.00995933 0.0166064
-1.0102 -0.00922913
1.03049 0.0455299
-0.0591011 -0.0892972
-0.971393 0.0437672
1.04999 0.0974713
-0.131523 -0.192435
-0.918468 0.094964
1.06031 0.147832
-0.210644 -0.288995
-0.849665 0.141164
1.06261 0.196399
-0.298296 -0.3743
-0.764319 0.177901
1.05766 0.243165
-0.393808 -0.443273
-0.66385 0.200108
1.04579 0.288185
-0.493589 -0.491887
-0.552205 0.203703
1.02701 0.331469
-0.592115 -0.518815
-0.43489 0.187346
1.00093 0.372888
-0.684008 -0.525873
-0.316924 0.152985
0.96689 0.412063
-0.765681 -0.516898
-0.201209 0.104835
0.923923 0.448225
-0.835669 -0.496142
-0.0882543 0.0479166
0.870898 0.480031
-0.894051 -0.467229
0.023152 -0.0128022
0.806721 0.50535
-0.941702 -0.432826
0.134982 -0.0725241
0.730739 0.521081
-0.979752 -0.394704
0.249014 -0.126377
0.643409 0.523203
-1.00927 -0.353938
0.365856 -0.169264
0.547067 0.507392
-1.03108 -0.311116
0.484014 -0.196276
0.44625 0.470407
-1.04574 -0.266492
0.599492 -0.203914
