-1 -35849.4
0 -35849.8
100 -35847.6
200 -35935.6
300 -36092.7
400 -36006.5
500 -37332.2
600 -36000.9
700 -36157.8
800 -35915.8
900 -39591.2
1000 -35884.9
1100 -36500.9
1200 -36058.5
1300 -39742.4
1400 -36040.1
1500 -36481.9
1600 -41017.1
1700 -36117.7
1800 -37737.7
1900 -36019.2
2000 -36881.1
2100 -36013.4
2200 -36325.4
2300 -41152.4
2400 -36161.4
2500 -36194.3
2600 -36194.3
2700 -36882.7
2800 -36440.3
2900 -40031.8
3000 -36282.1
3100 -41141.1
3200 -36185
3300 -38042.7
3400 -36947.4
3500 -50559.3
3600 -36665.7
3700 -39266.3
3800 -36620.5
3900 -36895.4
4000 -36744.7
4100 -46337.7
4200 -36409
4300 -36211.4
4400 -36370.7
4500 -36648.4
4600 -39739.1
4700 -39380.6
4800 -37180.8
4900 -39033.8
5000 -36761
5100 -36440.6
5200 -36755.1
5300 -36436.2
5400 -41419.1
5500 -38257.3
5600 -36739.7
5700 -38448.3
5800 -36781.7
5900 -38529.9
6000 -37156.1
6100 -37126.9
6200 -37285.7
6300 -36356.8
6400 -37938.7
6500 -36203.4
6600 -83939.9
6700 -37328.3
6800 -43630.1
6900 -37739.8
7000 -36007.8
7100 -36610.8
7200 -36687.2
7300 -36567.2
7400 -39495.7
7500 -36404.6
7600 -36571.3
7700 -37131.3
7800 -36160.6
7900 -36324.6
8000 -40068.6
8100 -38199
8200 -38048.4
8300 -36907.5
8400 -46776.3
8500 -36306.7
8600 -38118.8
8700 -43135.4
8800 -42851.8
8900 -36390
9000 -36150.3
9100 -36359
9200 -36154.5
9300 -36544.6
9400 -37477.8
9500 -36563.8
9600 -37160.3
9700 -36582.8
9800 -37032.4
9900 -45246.5
10000 -39994.9
10100 -37631.7
10200 -37463.9
10300 -41445.2
10400 -41557.5
10500 -39109.1
10600 -39605.8
10700 -38384.2
10800 -36635.8
10900 -65925.5
11000 -40293.3
11100 -35966.8
11200 -36643
11300 -57578
11400 -39267.8
11500 -37034.6
11600 -37574.4
11700 -39335
11800 -37321.7
11900 -41036.6
12000 -37888
12100 -45846.4
12200 -38695.7
12300 -36631.7
12400 -54171.1
12500 -37710
12600 -36865.6
12700 -41496.2
12800 -36945.4
12900 -44862.9
13000 -37360.6
13100 -37051.3
13200 -38707.4
13300 -43939.8
13400 -41636.3
13500 -36382.7
13600 -44028.7
13700 -44470
13800 -36935.3
13900 -36590.5
14000 -54794.6
14100 -37007.7
14200 -41518.5
14300 -38355.2
14400 -50492.4
14500 -38651.2
14600 -37012.5
14700 -41985.4
14800 -37007.2
14900 -44496
15000 -44840.4
15100 -39121.3
15200 -38414.3
15300 -46479.4
15400 -39676.7
15500 -89301.4
15600 -43904.5
15700 -40693.8
15800 -40700
15900 -48357.8
16000 -41277.8
16100 -44457.3
16200 -46333.2
16300 -38354.3
16400 -44443
16500 -47223
16600 -50371.9
16700 -46847.7
16800 -44069.8
16900 -44737.7
17000 -40719.4
17100 -50244
17200 -223277
17300 -48241.6
17400 -76225.7
17500 -45244.5
17600 -43718.1
17700 -40187.4
17800 -46055.4
17900 -43653.4
18000 -62063.4
18100 -45216.8
18200 -40887.7
18300 -44599.7
18400 -193021
18500 -55931.9
18600 -80481.2
18700 -49495.6
18800 -47700.3
18900 -53411.7
19000 -50683.9
19100 -58836.7
19200 -46633.5
19300 -67849.9
19400 -57041.7
19500 -73031.4
19600 -86537.8
19700 -76843.9
19800 -55047.6
19900 -80163.2
20000 -52521.3
20100 -68680.2
20200 -46600
20300 -51321.6
20400 -52848.1
20500 -55989.5
20600 -53558.9
20700 -53195.3
20800 -51283.1
20900 -65306.9
21000 -70236.1
21100 -51459.7
21200 -58752.1
21300 -45011.5
21400 -99617.4
21500 -49098.9
21600 -44539.4
21700 -60597
21800 -40778.1
21900 -71778.7
22000 -43804.4
22100 -141567
22200 -43125.2
22300 -49398.3
22400 -41508.4
22500 -46455.7
22600 -49285.4
22700 -58117.2
22800 -48171.5
22900 -46534
23000 -44995.4
23100 -72245.1
23200 -70578.7
23300 -43292.2
23400 -52036.5
23500 -47930.5
23600 -53951.2
23700 -42124.2
23800 -51727.4
23900 -77145
24000 -50199
24100 -64643.3
24200 -49910
24300 -65376.7
24400 -50428.1
24500 -60904.1
24600 -56690.7
24700 -43353.2
24800 -45764.5
24900 -47341
25000 -94341.1
25100 -70128
25200 -48881.7
25300 -46379.5
25400 -46354.1
25500 -72393.3
25600 -46762.8
25700 -45380.9
25800 -40654.1
25900 -51282.4
26000 -73164.6
26100 -44585.6
26200 -98455.8
26300 -53681.2
26400 -41700.1
26500 -113107
26600 -58212.2
26700 -54089
26800 -141127
26900 -45531.6
27000 -76275.8
27100 -61375.8
27200 -60746.1
27300 -52842.2
27400 -49504.5
27500 -145378
27600 -45668.7
27700 -54644.9
27800 -56257
27900 -44902.3
28000 -66667.7
28100 -49748.1
28200 -49734.7
28300 -101231
28400 -55785.4
28500 -45259.2
28600 -53371.9
28700 -70513.5
28800 -60424.4
28900 -51978.3
29000 -47114.4
29100 -47000.9
29200 -79668.8
29300 -72353.6
29400 -51509.6
29500 -50906.7
29600 -67590.4
29700 -67932.2
29800 -67286.7
29900 -52244.3
30000 -100508
30100 -43612.7
30200 -78294.1
30300 -72326.1
30400 -71074.3
30500 -66755.6
30600 -54363.7
30700 -51357.6
30800 -48089.6
30900 -54758.1
31000 -74526.8
31100 -48473.9
31200 -125605
31300 -68908.6
31400 -78001.4
31500 -118429
31600 -128450
31700 -81738.6
31800 -92080.5
31900 -67633.5
32000 -161169
32100 -102451
32200 -82880.8
32300 -158758
32400 -111063
32500 -68959.1
32600 -84285.7
32700 -133099
32800 -87994.5
32900 -107052
33000 -86107.7
33100 -98145.3
33200 -67597.8
33300 -91291.5
33400 -81601
33500 -79870.5
33600 -94619.1
33700 -107167
33800 -113897
33900 -95853.1
34000 -237856
34100 -78437.2
34200 -142984
34300 -79992.5
34400 -96304.6
34500 -90464.9
34600 -137357
34700 -94805
34800 -172374
34900 -141674
35000 -58558.3
35100 -132722
35200 -96620.7
35300 -74250.9
35400 -178230
35500 -89064.5
35600 -79652.6
35700 -114956
35800 -129895
35900 -76614.7
36000 -96257.2
36100 -86553
36200 -121469
36300 -106939
36400 -98978.2
36500 -63531.2
36600 -137767
36700 -268325
36800 -116405
36900 -90639.2
37000 -69148.4
37100 -90737.5
37200 -213615
37300 -108587
37400 -161069
37500 -64664
37600 -127914
37700 -243040
37800 -78442.5
37900 -143789
38000 -94682.9
38100 -81424.8
38200 -131936
38300 -88700.7
38400 -106271
38500 -116388
38600 -91334.6
38700 -170008
38800 -92983.8
38900 -192142
39000 -196680
39100 -95494.5
39200 -102290
39300 -62905.2
39400 -178987
39500 -115804
39600 -63249.9
39700 -116933
39800 -136103
39900 -184241
40000 -93484.9
40100 -70065.6
40200 -72099.9
40300 -95240.1
40400 -76509.8
40500 -136080
40600 -82098.2
40700 -117367
40800 -58526.6
40900 -88645.7
41000 -64955.4
41100 -113956
41200 -87650.3
41300 -52672.3
41400 -78188.1
41500 -83207.1
41600 -125706
41700 -105194
41800 -115432
41900 -60594.5
42000 -102680
42100 -70481
42200 -84472.2
42300 -73213.9
42400 -195904
42500 -77193.9
42600 -87423.4
42700 -116960
42800 -84591.3
42900 -88842.4
43000 -88377
43100 -92141.3
43200 -81065.2
43300 -161211
43400 -101372
43500 -121897
43600 -129658
43700 -117871
43800 -86411
43900 -86093.6
44000 -167691
44100 -59359.7
44200 -112257
44300 -63619.1
44400 -60463.7
44500 -77535
44600 -100613
44700 -101377
44800 -101756
44900 -100484
45000 -74635.3
45100 -131313
45200 -67015.2
45300 -66240.5
45400 -60809.4
45500 -57788.8
45600 -118012
45700 -90871
45800 -93019.5
45900 -101687
46000 -74221.9
46100 -114498
46200 -107947
46300 -217173
46400 -248231
46500 -88903.2
46600 -60288.7
46700 -92659.4
46800 -104276
46900 -112621
47000 -132392
47100 -71271.2
47200 -137353
47300 -97982.9
47400 -98498.8
47500 -104422
47600 -377555
47700 -136976
47800 -80987.5
47900 -144586
48000 -72932.3
48100 -87386.1
48200 -69536
48300 -100718
48400 -90247.8
48500 -116884
48600 -116474
48700 -71259.8
48800 -118688
48900 -184134
49000 -92655.1
49100 -84701
49200 -146516
49300 -82073.5
49400 -105739
49500 -145689
49600 -80863.9
49700 -102265
49800 -98633.6
49900 -102913
50000 -88716.6
50100 -94391
50200 -91071.5
50300 -107924
50400 -224509
50500 -59472.2
50600 -81575.9
50700 -140433
50800 -64120.3
50900 -144731
51000 -174559
51100 -116528
51200 -244731
51300 -96055.2
51400 -121224
51500 -140224
51600 -124242
51700 -79258.4
51800 -79478.4
51900 -108438
52000 -88859.5
52100 -74055.5
52200 -262649
52300 -89446.8
52400 -264175
52500 -109158
52600 -115697
52700 -86902.5
52800 -130122
52900 -87919.1
53000 -151624
53100 -96109.7
53200 -122627
53300 -85583.9
53400 -134472
53500 -138371
53600 -89437.4
53700 -106948
53800 -120834
53900 -92157.6
54000 -76086.3
54100 -106604
54200 -68817.5
54300 -129381
54400 -69450.2
54500 -76937
54600 -171741
54700 -107391
54800 -117107
54900 -141330
55000 -115337
55100 -127939
55200 -121418
55300 -92524
55400 -79326.5
55500 -131103
55600 -95376.5
55700 -149056
55800 -90710.3
55900 -166397
56000 -109017
56100 -143485
56200 -135606
56300 -77854.9
56400 -99550
56500 -107090
56600 -142426
56700 -85191.8
56800 -116436
56900 -93173
57000 -172214
57100 -92031.9
57200 -204968
57300 -114118
57400 -106904
57500 -128115
57600 -102741
57700 -101218
57800 -105809
57900 -144074
58000 -121796
58100 -107282
58200 -147664
58300 -131636
58400 -79083.7
58500 -194550
58600 -197473
58700 -87531.8
58800 -122863
58900 -101666
59000 -160062
59100 -102991
59200 -104205
59300 -115828
59400 -175668
59500 -189474
59600 -100178
59700 -141739
59800 -129645
59900 -289843
60000 -132131
60100 -161061
60200 -97522.9
60300 -313537
60400 -157516
60500 -116088
60600 -79011.1
60700 -120038
60800 -165442
60900 -153496
61000 -194589
61100 -116155
61200 -127377
61300 -225858
61400 -422285
61500 -98167.8
61600 -109060
61700 -94695.4
61800 -110852
61900 -170801
62000 -171085
62100 -77717.2
62200 -91351.3
62300 -141088
62400 -92387.7
62500 -88829.1
62600 -106623
62700 -107123
62800 -89239.6
62900 -129170
63000 -133006
63100 -129394
63200 -98977.1
63300 -181717
63400 -106251
63500 -100582
63600 -92226.5
63700 -88143.8
63800 -91013.6
63900 -97302.6
64000 -160975
64100 -117998
64200 -72887.8
64300 -128076
64400 -119172
64500 -244235
64600 -107231
64700 -188565
64800 -114484
64900 -101432
65000 -155935
65100 -155917
65200 -90085.9
65300 -110975
65400 -88206.7
65500 -88122
65600 -129409
65700 -109947
65800 -124553
65900 -149226
66000 -123557
66100 -134375
66200 -68752.5
66300 -105061
66400 -65335.7
66500 -166973
66600 -132954
66700 -75881.4
66800 -56196.2
66900 -86599.1
67000 -88894.2
67100 -89932.7
67200 -69767.4
67300 -132015
67400 -98181.2
67500 -108325
67600 -89916.8
67700 -136000
67800 -114052
67900 -150324
68000 -63186.4
68100 -95615.1
68200 -105582
68300 -114116
68400 -104232
68500 -122762
68600 -79639.2
68700 -82447.3
68800 -144767
68900 -109936
69000 -98471.4
69100 -141368
69200 -116462
69300 -67888.8
69400 -324922
69500 -68667.4
69600 -92824.9
69700 -88947.2
69800 -82548.5
69900 -84930.7
70000 -94854.2
70100 -120241
70200 -92867.7
70300 -116587
70400 -121619
70500 -173204
70600 -119145
70700 -101720
70800 -91724.1
70900 -132772
71000 -92652.6
71100 -83548.3
71200 -88928.9
71300 -85126.8
71400 -99555.7
71500 -168251
71600 -123854
71700 -91191.7
71800 -149149
71900 -80443.6
72000 -83730.5
72100 -96640.3
72200 -91478.7
72300 -120165
72400 -78771.5
72500 -205838
72600 -157216
72700 -90584.8
72800 -86240
72900 -103558
73000 -89257.7
73100 -90674
73200 -99123.6
73300 -98542.1
73400 -166195
73500 -110337
73600 -157226
73700 -168808
73800 -125060
73900 -164983
74000 -188989
74100 -152428
74200 -117723
74300 -262108
74400 -190430
74500 -76539.3
74600 -132327
74700 -163491
74800 -92826.4
74900 -234062
75000 -99157.8
75100 -87307.2
75200 -114667
75300 -135027
75400 -428809
75500 -220411
75600 -129215
75700 -142154
75800 -153721
75900 -165915
76000 -129088
76100 -95980
76200 -107025
76300 -134390
76400 -142743
76500 -157133
76600 -88917.1
76700 -107118
76800 -90621.8
76900 -120937
77000 -104354
77100 -83498
77200 -118155
77300 -90874.5
77400 -96024
77500 -102723
77600 -147780
77700 -106247
77800 -78015
77900 -124188
78000 -111844
78100 -190320
78200 -94756.6
78300 -154818
78400 -221863
78500 -236022
78600 -129703
78700 -296086
78800 -167050
78900 -141091
79000 -131746
79100 -124347
79200 -131411
79300 -112626
79400 -126018
79500 -130916
79600 -157983
79700 -90862.1
79800 -118003
79900 -100176
80000 -134725
80100 -132450
80200 -131676
80300 -102527
80400 -115412
80500 -112625
80600 -193703
80700 -168565
80800 -76650.9
80900 -107063
81000 -165506
81100 -154023
81200 -140403
81300 -105765
81400 -610981
81500 -92681.4
81600 -125815
81700 -105717
81800 -79792.8
81900 -195513
82000 -98332.8
82100 -115531
82200 -95632.3
82300 -193677
82400 -80798.5
82500 -204613
82600 -161122
82700 -99841
82800 -202162
82900 -94821.4
83000 -128342
83100 -163039
83200 -138989
83300 -149802
83400 -90933.6
83500 -157593
83600 -135030
83700 -112919
83800 -91219.1
83900 -166100
84000 -104948
84100 -136654
84200 -107130
84300 -140942
84400 -86932
84500 -77131.4
84600 -93114
84700 -128397
84800 -74620.3
84900 -121129
85000 -133100
85100 -101789
85200 -113337
85300 -162687
85400 -147001
85500 -146218
85600 -594400
85700 -647196
85800 -151554
85900 -153166
86000 -129797
86100 -136230
86200 -150544
86300 -161108
86400 -140755
86500 -125461
86600 -106841
86700 -164832
86800 -182280
86900 -140221
87000 -121514
87100 -92089.8
87200 -128099
87300 -100336
87400 -315062
87500 -115668
87600 -146322
87700 -138255
87800 -141073
87900 -299952
88000 -82430.9
88100 -161886
88200 -121440
88300 -73103
88400 -110326
88500 -208014
88600 -126501
88700 -130251
88800 -138344
88900 -129652
89000 -100725
89100 -125929
89200 -114700
89300 -110830
89400 -91142.6
89500 -129280
89600 -82999.6
89700 -115177
89800 -162587
89900 -118781
90000 -102212
90100 -141792
90200 -82029.8
90300 -88263.1
90400 -104581
90500 -77409.5
90600 -126321
90700 -206293
90800 -87110.7
90900 -96598.5
91000 -135584
91100 -69626.1
91200 -106906
91300 -112455
91400 -121813
91500 -106597
91600 -85987.9
91700 -108937
91800 -108723
91900 -93620.5
92000 -86235.1
92100 -188357
92200 -133138
92300 -321975
92400 -102469
92500 -195785
92600 -119516
92700 -161280
92800 -193018
92900 -220365
93000 -146059
93100 -101117
93200 -184265
93300 -150345
93400 -92368.7
93500 -189452
93600 -94641.2
93700 -110821
93800 -90235.4
93900 -75686.9
94000 -180097
94100 -115180
94200 -110048
94300 -96350.7
94400 -221958
94500 -128782
94600 -239686
94700 -110276
94800 -122144
94900 -106594
95000 -107994
95100 -83085.5
95200 -101104
95300 -101220
95400 -70504.4
95500 -71776.2
95600 -72040.7
95700 -114395
95800 -86522.4
95900 -67595.2
96000 -81579.9
96100 -90572.2
96200 -114864
96300 -67868.1
96400 -106755
96500 -102544
96600 -69576.8
96700 -72657.7
96800 -84844.3
96900 -81904.1
97000 -98032.2
97100 -123740
97200 -118060
97300 -63327.4
97400 -102885
97500 -186976
97600 -62555.7
97700 -136290
97800 -129166
97900 -97127.2
98000 -81954.5
98100 -91749.1
98200 -77870.4
98300 -230925
98400 -73052.2
98500 -82053.9
98600 -95959.4
98700 -99083.4
98800 -71204.1
98900 -106544
99000 -146510
99100 -105643
99200 -75731.3
99300 -145323
99400 -85164
99500 -111257
99600 -98046.7
99700 -84277.1
99800 -75121.6
99900 -102879
100000 -121467
