-1 -35849.4
0 -35849.7
100 -7188.94
200 -7218.47
300 -21039.8
400 24975.4
500 24960.9
600 346259
700 352526
800 352360
900 393567
1000 393563
1100 1.78423e+06
1200 1.78417e+06
1300 1.78943e+06
1400 1.78933e+06
1500 1.78932e+06
1600 1.78932e+06
1700 1.78879e+06
1800 1.78884e+06
1900 1.78836e+06
2000 1.79092e+06
2100 1.7909e+06
2200 1.79087e+06
2300 1.79088e+06
2400 1.79091e+06
2500 1.7909e+06
2600 1.80223e+06
2700 1.80216e+06
2800 2.40859e+06
2900 2.40858e+06
3000 2.40858e+06
3100 2.40828e+06
3200 2.40946e+06
3300 2.57869e+06
3400 2.57672e+06
3500 2.77197e+06
3600 2.79632e+06
3700 2.90369e+06
3800 2.90306e+06
3900 2.90277e+06
4000 2.91019e+06
4100 2.90998e+06
4200 2.92134e+06
4300 2.93663e+06
4400 2.9367e+06
4500 2.93812e+06
4600 2.93809e+06
4700 2.93788e+06
4800 2.93787e+06
4900 3.33994e+06
5000 3.34128e+06
5100 3.34129e+06
5200 3.34356e+06
5300 3.34358e+06
5400 3.3436e+06
5500 3.34359e+06
5600 3.34358e+06
5700 3.3436e+06
5800 3.34358e+06
5900 3.35259e+06
6000 3.35259e+06
6100 3.35259e+06
6200 3.3526e+06
6300 3.35977e+06
6400 3.35977e+06
6500 3.35977e+06
6600 3.35977e+06
6700 3.35976e+06
6800 4.7599e+06
6900 4.75986e+06
7000 4.75987e+06
7100 4.75986e+06
7200 4.75986e+06
7300 4.75985e+06
7400 4.75986e+06
7500 4.75985e+06
7600 4.99111e+06
7700 4.99105e+06
7800 4.99105e+06
7900 4.99105e+06
8000 4.99105e+06
8100 4.99104e+06
8200 4.99244e+06
8300 4.99244e+06
8400 4.99243e+06
8500 4.99244e+06
8600 4.99244e+06
8700 4.99243e+06
8800 4.99244e+06
8900 5.03113e+06
9000 5.03117e+06
9100 5.03116e+06
9200 5.03116e+06
9300 5.03116e+06
9400 5.03116e+06
9500 5.03116e+06
9600 5.03116e+06
9700 5.03116e+06
9800 5.03116e+06
9900 5.03108e+06
10000 5.03116e+06
10100 5.03118e+06
10200 5.03116e+06
10300 5.03117e+06
10400 5.03116e+06
10500 5.03116e+06
10600 5.03116e+06
10700 5.03116e+06
10800 5.03116e+06
10900 5.03116e+06
11000 5.03116e+06
11100 5.03116e+06
11200 5.03116e+06
11300 5.03116e+06
11400 5.03116e+06
11500 5.03116e+06
11600 5.03116e+06
11700 5.03116e+06
11800 5.03116e+06
11900 5.03116e+06
12000 5.03116e+06
12100 5.03116e+06
12200 5.03116e+06
12300 5.03116e+06
12400 5.03116e+06
12500 5.03116e+06
12600 5.03116e+06
12700 5.03116e+06
12800 5.03116e+06
12900 5.03116e+06
13000 5.03116e+06
13100 5.03116e+06
13200 5.03116e+06
13300 5.03116e+06
13400 5.03116e+06
13500 5.03116e+06
13600 5.03116e+06
13700 5.03116e+06
13800 5.03116e+06
13900 5.03116e+06
14000 5.03116e+06
14100 5.03116e+06
14200 5.03116e+06
14300 5.03116e+06
14400 5.03116e+06
14500 5.03116e+06
14600 5.03116e+06
14700 5.03116e+06
14800 5.03116e+06
14900 5.03116e+06
15000 5.03116e+06
15100 5.03116e+06
15200 5.03116e+06
15300 5.03116e+06
15400 5.03116e+06
15500 5.03116e+06
15600 5.03116e+06
15700 5.03116e+06
15800 5.03116e+06
15900 5.03116e+06
16000 5.03116e+06
16100 5.03116e+06
16200 5.03116e+06
16300 5.03116e+06
16400 5.03116e+06
16500 5.03116e+06
16600 5.03116e+06
16700 5.03116e+06
16800 5.03116e+06
16900 5.03116e+06
17000 5.03116e+06
17100 5.03116e+06
17200 5.03116e+06
17300 5.03116e+06
17400 5.03116e+06
17500 5.03116e+06
17600 5.03116e+06
17700 5.03116e+06
17800 5.03116e+06
17900 5.03116e+06
18000 5.03116e+06
18100 5.03116e+06
18200 5.03116e+06
18300 5.03116e+06
18400 5.03116e+06
18500 5.03116e+06
18600 5.03116e+06
18700 5.03116e+06
18800 5.03116e+06
18900 5.03116e+06
19000 5.03116e+06
19100 5.03116e+06
19200 5.03116e+06
19300 5.03116e+06
19400 5.03116e+06
19500 5.03116e+06
19600 5.03116e+06
19700 5.03116e+06
19800 5.03116e+06
19900 5.03116e+06
20000 5.03116e+06
20100 5.03116e+06
20200 5.03116e+06
20300 5.03116e+06
20400 5.03116e+06
20500 5.03116e+06
20600 5.03154e+06
20700 5.03153e+06
20800 5.03153e+06
20900 5.03153e+06
21000 5.03153e+06
21100 5.03153e+06
21200 5.03153e+06
21300 5.03153e+06
21400 5.03153e+06
21500 5.03153e+06
21600 5.03153e+06
21700 5.03153e+06
21800 5.03153e+06
21900 5.03153e+06
22000 5.03153e+06
22100 5.03153e+06
22200 5.03153e+06
22300 5.03153e+06
22400 5.03153e+06
22500 5.03153e+06
22600 5.03153e+06
22700 5.03153e+06
22800 5.03153e+06
22900 5.03153e+06
23000 5.03153e+06
23100 5.03153e+06
23200 5.03153e+06
23300 5.03153e+06
23400 5.03153e+06
23500 5.03153e+06
23600 5.03153e+06
23700 5.03153e+06
23800 5.03153e+06
23900 5.03153e+06
24000 5.03153e+06
24100 5.03153e+06
24200 5.03153e+06
24300 5.03153e+06
24400 5.03153e+06
24500 5.03153e+06
24600 5.03153e+06
24700 5.03153e+06
24800 5.03153e+06
24900 5.03153e+06
25000 5.03153e+06
25100 5.03153e+06
25200 5.03153e+06
25300 5.03153e+06
25400 5.03153e+06
25500 5.03153e+06
25600 5.03153e+06
25700 5.03153e+06
25800 5.03153e+06
25900 5.03153e+06
26000 5.03153e+06
26100 5.03153e+06
26200 5.03153e+06
26300 5.03153e+06
26400 5.03153e+06
26500 5.03153e+06
26600 5.03153e+06
26700 5.03153e+06
26800 5.03153e+06
26900 5.03153e+06
27000 5.03153e+06
27100 5.03153e+06
27200 5.03153e+06
27300 5.03153e+06
27400 5.03153e+06
27500 5.03153e+06
27600 5.03153e+06
27700 5.03153e+06
27800 5.03153e+06
27900 5.03153e+06
28000 5.03153e+06
28100 5.03153e+06
28200 5.03153e+06
28300 5.03153e+06
28400 5.03153e+06
28500 5.03153e+06
28600 5.03153e+06
28700 5.03153e+06
28800 5.03153e+06
28900 5.03153e+06
29000 5.03153e+06
29100 5.03153e+06
29200 5.03153e+06
29300 5.03153e+06
29400 5.03153e+06
29500 5.03153e+06
29600 5.03153e+06
29700 5.03153e+06
29800 5.03153e+06
29900 5.03153e+06
30000 5.03153e+06
30100 5.03153e+06
30200 5.03153e+06
30300 5.03153e+06
30400 5.03153e+06
30500 5.03153e+06
30600 5.03153e+06
30700 5.03153e+06
30800 5.03153e+06
30900 5.03153e+06
31000 5.03153e+06
31100 5.03153e+06
31200 5.03153e+06
31300 5.03153e+06
31400 5.03153e+06
31500 5.03153e+06
31600 5.03153e+06
31700 5.03153e+06
31800 5.03153e+06
31900 5.03153e+06
32000 5.03153e+06
32100 5.03153e+06
32200 5.03153e+06
32300 5.03153e+06
32400 5.03153e+06
32500 5.03153e+06
32600 5.03153e+06
32700 5.03153e+06
32800 5.03153e+06
32900 5.03153e+06
33000 5.03153e+06
33100 5.03153e+06
33200 5.03153e+06
33300 5.03153e+06
33400 5.03153e+06
33500 5.03153e+06
33600 5.03153e+06
33700 5.03153e+06
33800 5.03153e+06
33900 5.03153e+06
34000 5.03153e+06
34100 5.03153e+06
34200 5.03153e+06
34300 5.03154e+06
34400 5.03153e+06
34500 5.03153e+06
34600 5.03153e+06
34700 5.03153e+06
34800 5.03153e+06
34900 5.03153e+06
35000 5.03153e+06
35100 5.03153e+06
35200 5.03153e+06
35300 5.03153e+06
35400 5.03153e+06
35500 5.03153e+06
35600 5.03153e+06
35700 5.03153e+06
35800 5.03153e+06
35900 5.03153e+06
36000 5.03153e+06
36100 5.03153e+06
36200 5.03153e+06
36300 5.03153e+06
36400 5.03153e+06
36500 5.03153e+06
36600 5.03153e+06
36700 5.03153e+06
36800 5.03153e+06
36900 5.03153e+06
37000 5.03153e+06
37100 5.03153e+06
37200 5.03153e+06
37300 5.03153e+06
37400 5.03153e+06
37500 5.03153e+06
37600 5.03153e+06
37700 5.03153e+06
37800 5.03153e+06
37900 5.03153e+06
38000 5.03153e+06
38100 5.03153e+06
38200 5.03153e+06
38300 5.03153e+06
38400 5.03153e+06
38500 5.03153e+06
38600 5.03153e+06
38700 5.03153e+06
38800 5.03153e+06
38900 5.03153e+06
39000 5.03153e+06
39100 5.03153e+06
39200 5.03153e+06
39300 5.03153e+06
39400 5.03153e+06
39500 5.03153e+06
39600 5.03153e+06
39700 5.03153e+06
39800 5.03153e+06
39900 5.03153e+06
40000 5.03153e+06
40100 5.03153e+06
40200 5.03153e+06
40300 5.03153e+06
40400 5.03153e+06
40500 5.03153e+06
40600 5.03153e+06
40700 5.03153e+06
40800 5.03153e+06
40900 5.03153e+06
41000 5.03153e+06
41100 5.03153e+06
41200 5.03153e+06
41300 5.03153e+06
41400 5.03153e+06
41500 5.03153e+06
41600 5.03153e+06
41700 5.03153e+06
41800 5.03153e+06
41900 5.03153e+06
42000 5.03153e+06
42100 5.03153e+06
42200 5.03153e+06
42300 5.03153e+06
42400 5.03153e+06
42500 5.03153e+06
42600 5.03153e+06
42700 5.03153e+06
42800 5.03153e+06
42900 5.03153e+06
43000 5.03153e+06
43100 5.03153e+06
43200 5.03153e+06
43300 5.03153e+06
43400 5.03286e+06
43500 5.03277e+06
43600 5.03276e+06
43700 5.03276e+06
43800 5.03276e+06
43900 5.03276e+06
44000 5.03276e+06
44100 5.03276e+06
44200 5.03276e+06
44300 5.03276e+06
44400 5.03276e+06
44500 5.03276e+06
44600 5.03276e+06
44700 5.03277e+06
44800 5.03277e+06
44900 5.03277e+06
45000 5.03276e+06
45100 5.03276e+06
45200 5.03276e+06
45300 5.03276e+06
45400 5.03276e+06
45500 5.03276e+06
45600 5.03276e+06
45700 5.03276e+06
45800 5.03276e+06
45900 5.03276e+06
46000 5.03276e+06
46100 5.03276e+06
46200 5.03276e+06
46300 5.03276e+06
46400 5.03276e+06
46500 5.03276e+06
46600 5.03276e+06
46700 5.03276e+06
46800 5.03276e+06
46900 5.03276e+06
47000 5.03276e+06
47100 5.03276e+06
47200 5.03276e+06
47300 5.03276e+06
47400 5.03276e+06
47500 5.03277e+06
47600 5.03277e+06
47700 5.03277e+06
47800 5.03277e+06
47900 5.03276e+06
48000 5.03276e+06
48100 5.03276e+06
48200 5.03276e+06
48300 5.03276e+06
48400 5.03276e+06
48500 5.03276e+06
48600 5.03276e+06
48700 5.03276e+06
48800 5.03276e+06
48900 5.03276e+06
49000 5.03276e+06
49100 5.03276e+06
49200 5.03276e+06
49300 5.03276e+06
49400 5.03276e+06
49500 5.03276e+06
49600 5.03276e+06
49700 5.03276e+06
49800 5.03276e+06
49900 5.03276e+06
50000 5.03276e+06
50100 5.03276e+06
50200 5.03276e+06
50300 5.03276e+06
50400 5.03276e+06
50500 5.03276e+06
50600 5.03276e+06
50700 5.03276e+06
50800 5.03276e+06
50900 5.03276e+06
51000 5.03276e+06
51100 5.03276e+06
51200 5.03276e+06
51300 5.03276e+06
51400 5.03276e+06
51500 5.03276e+06
51600 5.03276e+06
51700 5.03276e+06
51800 5.03276e+06
51900 5.03276e+06
52000 5.03276e+06
52100 5.03276e+06
52200 5.03276e+06
52300 5.03276e+06
52400 5.03276e+06
52500 5.03276e+06
52600 5.03276e+06
52700 5.03276e+06
52800 5.03276e+06
52900 5.03276e+06
53000 5.03276e+06
53100 5.03276e+06
53200 5.03276e+06
53300 5.03276e+06
53400 5.03276e+06
53500 5.03276e+06
53600 5.03277e+06
53700 5.03277e+06
53800 5.03277e+06
53900 5.03276e+06
54000 5.03276e+06
54100 5.03276e+06
54200 5.03276e+06
54300 5.03276e+06
54400 5.03276e+06
54500 5.03276e+06
54600 5.03276e+06
54700 5.03276e+06
54800 5.03276e+06
54900 5.03276e+06
55000 5.03276e+06
55100 5.03276e+06
55200 5.03276e+06
55300 5.03276e+06
55400 5.03276e+06
55500 5.03276e+06
55600 5.03276e+06
55700 5.03276e+06
55800 5.03276e+06
55900 5.03276e+06
56000 5.03276e+06
56100 5.03276e+06
56200 5.03276e+06
56300 5.03276e+06
56400 5.03276e+06
56500 5.03276e+06
56600 5.03276e+06
56700 5.03276e+06
56800 5.03276e+06
56900 5.03277e+06
57000 5.03276e+06
57100 5.03276e+06
57200 5.03276e+06
57300 5.03276e+06
57400 5.03276e+06
57500 5.03276e+06
57600 5.03276e+06
57700 5.03276e+06
57800 5.03276e+06
57900 5.03276e+06
58000 5.03276e+06
58100 5.03276e+06
58200 5.03276e+06
58300 5.03276e+06
58400 5.03276e+06
58500 5.03276e+06
58600 5.03276e+06
58700 5.03276e+06
58800 5.03276e+06
58900 5.03276e+06
59000 5.03276e+06
59100 5.03276e+06
59200 5.03276e+06
59300 5.03276e+06
59400 5.03276e+06
59500 5.03276e+06
59600 5.03276e+06
59700 5.03277e+06
59800 5.03277e+06
59900 5.03277e+06
60000 5.03276e+06
60100 5.03276e+06
60200 5.03276e+06
60300 5.03276e+06
60400 5.03276e+06
60500 5.03276e+06
60600 5.03276e+06
60700 5.03276e+06
60800 5.03276e+06
60900 5.03276e+06
61000 5.03276e+06
61100 5.03276e+06
61200 5.03276e+06
61300 5.03276e+06
61400 5.03276e+06
61500 5.03276e+06
61600 5.03276e+06
61700 5.03276e+06
61800 5.03276e+06
61900 5.03276e+06
62000 5.03276e+06
62100 5.03276e+06
62200 5.03276e+06
62300 5.03276e+06
62400 5.03276e+06
62500 5.03276e+06
62600 5.03276e+06
62700 5.03276e+06
62800 5.03276e+06
62900 5.03276e+06
63000 5.03276e+06
63100 5.03276e+06
63200 5.03276e+06
63300 5.03276e+06
63400 5.03276e+06
63500 5.03276e+06
63600 5.03276e+06
63700 5.03276e+06
63800 5.03276e+06
63900 5.03276e+06
64000 5.03276e+06
64100 5.03276e+06
64200 5.03276e+06
64300 5.03276e+06
64400 5.03276e+06
64500 5.03276e+06
64600 5.03276e+06
64700 5.03276e+06
64800 5.03276e+06
64900 5.03276e+06
65000 5.03276e+06
65100 5.03276e+06
65200 5.03276e+06
65300 5.03276e+06
65400 5.03276e+06
65500 5.03276e+06
65600 5.03276e+06
65700 5.03276e+06
65800 5.03277e+06
65900 5.03277e+06
66000 5.03276e+06
66100 5.03276e+06
66200 5.03276e+06
66300 5.03276e+06
66400 5.03276e+06
66500 5.03276e+06
66600 5.03276e+06
66700 5.03276e+06
66800 5.03276e+06
66900 5.03276e+06
67000 5.03276e+06
67100 5.03276e+06
67200 5.03276e+06
67300 5.03276e+06
67400 5.03276e+06
67500 5.03276e+06
67600 5.03276e+06
67700 5.03276e+06
67800 5.03276e+06
67900 5.03276e+06
68000 5.03276e+06
68100 5.03276e+06
68200 5.03276e+06
68300 5.03276e+06
68400 5.03276e+06
68500 5.03276e+06
68600 5.03276e+06
68700 5.03276e+06
68800 5.03276e+06
68900 5.03276e+06
69000 5.03276e+06
69100 5.03276e+06
69200 5.03276e+06
69300 5.03276e+06
69400 5.03276e+06
69500 5.03276e+06
69600 5.03276e+06
69700 5.03276e+06
69800 5.03276e+06
69900 5.03276e+06
70000 5.03276e+06
70100 5.03276e+06
70200 5.03276e+06
70300 5.03276e+06
70400 5.03276e+06
70500 5.03276e+06
70600 5.03276e+06
70700 5.03276e+06
70800 5.03276e+06
70900 5.03276e+06
71000 5.03276e+06
71100 5.03276e+06
71200 5.03276e+06
71300 5.03276e+06
71400 5.03276e+06
71500 5.03276e+06
71600 5.03276e+06
71700 5.03276e+06
71800 5.03276e+06
71900 5.03277e+06
72000 5.03277e+06
72100 5.03276e+06
72200 5.03276e+06
72300 5.03276e+06
72400 5.03276e+06
72500 5.03276e+06
72600 5.03276e+06
72700 5.03276e+06
72800 5.03276e+06
72900 5.03276e+06
73000 5.03276e+06
73100 5.03276e+06
73200 5.03276e+06
73300 5.03276e+06
73400 5.03276e+06
73500 5.0328e+06
73600 5.03277e+06
73700 5.03277e+06
73800 5.03276e+06
73900 5.03276e+06
74000 5.03276e+06
74100 5.03276e+06
74200 5.03276e+06
74300 5.03276e+06
74400 5.03276e+06
74500 5.03259e+06
74600 5.03259e+06
74700 5.03259e+06
74800 5.03259e+06
74900 5.03259e+06
75000 5.03259e+06
75100 5.03259e+06
75200 5.03259e+06
75300 5.03253e+06
75400 5.03268e+06
75500 5.03268e+06
75600 5.03268e+06
75700 5.03268e+06
75800 5.03268e+06
75900 5.03268e+06
76000 5.03268e+06
76100 5.03268e+06
76200 5.03268e+06
76300 5.03268e+06
76400 5.03268e+06
76500 5.03268e+06
76600 5.03268e+06
76700 5.03268e+06
76800 5.03268e+06
76900 5.03268e+06
77000 5.03268e+06
77100 5.03268e+06
77200 5.03268e+06
77300 5.03268e+06
77400 5.03268e+06
77500 5.03268e+06
77600 5.03268e+06
77700 5.03268e+06
77800 5.03263e+06
77900 5.03267e+06
78000 5.03267e+06
78100 5.03267e+06
78200 5.03267e+06
78300 5.03267e+06
78400 5.03267e+06
78500 5.03267e+06
78600 5.03267e+06
78700 5.03267e+06
78800 5.03267e+06
78900 5.03267e+06
79000 5.03267e+06
79100 5.03267e+06
79200 5.03267e+06
79300 5.03267e+06
79400 5.03267e+06
79500 5.03267e+06
79600 5.03267e+06
79700 5.03266e+06
79800 5.03291e+06
79900 5.03289e+06
80000 5.03289e+06
80100 5.03289e+06
80200 5.03289e+06
80300 5.03289e+06
80400 5.03289e+06
80500 5.03289e+06
80600 5.03289e+06
80700 5.03289e+06
80800 5.03289e+06
80900 5.03289e+06
81000 5.03289e+06
81100 5.03289e+06
81200 5.03289e+06
81300 5.03289e+06
81400 5.03289e+06
81500 5.03289e+06
81600 5.03289e+06
81700 5.03289e+06
81800 5.03289e+06
81900 5.03289e+06
82000 5.03289e+06
82100 5.03289e+06
82200 5.03289e+06
82300 5.03289e+06
82400 5.03289e+06
82500 5.03289e+06
82600 5.03289e+06
82700 5.03289e+06
82800 5.03289e+06
82900 5.03289e+06
83000 5.03289e+06
83100 5.03289e+06
83200 5.03289e+06
83300 5.03289e+06
83400 5.03289e+06
83500 5.03289e+06
83600 5.03289e+06
83700 5.03289e+06
83800 5.03289e+06
83900 5.03289e+06
84000 5.03289e+06
84100 5.03289e+06
84200 5.03289e+06
84300 5.03289e+06
84400 5.03289e+06
84500 5.03289e+06
84600 5.03289e+06
84700 5.03289e+06
84800 5.03289e+06
84900 5.03289e+06
85000 5.03289e+06
85100 5.03289e+06
85200 5.03289e+06
85300 5.03289e+06
85400 5.03289e+06
85500 5.03289e+06
85600 5.03289e+06
85700 5.03289e+06
85800 5.03289e+06
85900 5.03289e+06
86000 5.03289e+06
86100 5.03289e+06
86200 5.03289e+06
86300 5.03289e+06
86400 5.03289e+06
86500 5.03289e+06
86600 5.03289e+06
86700 5.03289e+06
86800 5.03289e+06
86900 5.03289e+06
87000 5.03289e+06
87100 5.03289e+06
87200 5.03289e+06
87300 5.03289e+06
87400 5.03289e+06
87500 5.03289e+06
87600 5.03289e+06
87700 5.03289e+06
87800 5.03289e+06
87900 5.03289e+06
88000 5.03289e+06
88100 5.03289e+06
88200 5.03289e+06
88300 5.03289e+06
88400 5.03289e+06
88500 5.03289e+06
88600 5.03289e+06
88700 5.03289e+06
88800 5.03289e+06
88900 5.03289e+06
89000 5.03289e+06
89100 5.03289e+06
89200 5.03289e+06
89300 5.03289e+06
89400 5.03289e+06
89500 5.03289e+06
89600 5.03289e+06
89700 5.03289e+06
89800 5.03289e+06
89900 5.03289e+06
90000 5.03289e+06
90100 5.03289e+06
90200 5.03289e+06
90300 5.03289e+06
90400 5.03289e+06
90500 5.03289e+06
90600 5.03289e+06
90700 5.03289e+06
90800 5.03289e+06
90900 5.03289e+06
91000 5.03289e+06
91100 5.03289e+06
91200 5.03289e+06
91300 5.03289e+06
91400 5.03289e+06
91500 5.03289e+06
91600 5.03289e+06
91700 5.03289e+06
91800 5.03289e+06
91900 5.03289e+06
92000 5.03289e+06
92100 5.03289e+06
92200 5.03289e+06
92300 5.03289e+06
92400 5.03289e+06
92500 5.03289e+06
92600 5.03289e+06
92700 5.03289e+06
92800 5.03289e+06
92900 5.03289e+06
93000 5.03289e+06
93100 5.03289e+06
93200 5.03289e+06
93300 5.03289e+06
93400 5.03289e+06
93500 5.03289e+06
93600 5.03289e+06
93700 5.03289e+06
93800 5.03289e+06
93900 5.03289e+06
94000 5.03289e+06
94100 5.03289e+06
94200 5.03289e+06
94300 5.03289e+06
94400 5.03289e+06
94500 5.03289e+06
94600 5.03289e+06
94700 5.03289e+06
94800 5.03289e+06
94900 5.03289e+06
95000 5.03289e+06
95100 5.03289e+06
95200 5.03289e+06
95300 5.03289e+06
95400 5.03289e+06
95500 5.03289e+06
95600 5.03289e+06
95700 5.03289e+06
95800 5.03289e+06
95900 5.03289e+06
96000 5.03289e+06
96100 5.03289e+06
96200 5.03289e+06
96300 5.03289e+06
96400 5.03289e+06
96500 5.03289e+06
96600 5.03289e+06
96700 5.03289e+06
96800 5.03289e+06
96900 5.03289e+06
97000 5.03289e+06
97100 5.03289e+06
97200 5.03289e+06
97300 5.03289e+06
97400 5.03289e+06
97500 5.03289e+06
97600 5.03289e+06
97700 5.03289e+06
97800 5.03289e+06
97900 5.03289e+06
98000 5.03289e+06
98100 5.03289e+06
98200 5.03289e+06
98300 5.03289e+06
98400 5.03289e+06
98500 5.03289e+06
98600 5.03289e+06
98700 5.03289e+06
98800 5.03289e+06
98900 5.03289e+06
99000 5.03289e+06
99100 5.03289e+06
99200 5.03289e+06
99300 5.03289e+06
99400 5.03289e+06
99500 5.03289e+06
99600 5.03289e+06
99700 5.03289e+06
99800 5.03289e+06
99900 5.03289e+06
100000 5.03289e+06
