-1 -35849.4
0 -35849.7
100 -7068.59
200 -7108.54
300 3174.44
400 12215.2
500 49000.8
600 93638.7
700 100721
800 100367
900 120971
1000 120968
1100 120964
1200 120955
1300 118687
1400 121975
1500 175324
1600 265888
1700 265791
1800 265873
1900 339628
2000 343279
2100 349118
2200 349095
2300 348524
2400 348520
2500 348245
2600 349291
2700 349288
2800 349272
2900 489230
3000 489085
3100 496136
3200 504266
3300 504230
3400 504076
3500 505039
3600 512137
3700 530582
3800 530558
3900 561210
4000 561238
4100 630142
4200 749898
4300 759737
4400 759752
4500 759751
4600 759725
4700 759752
4800 759544
4900 759732
5000 1.13595e+06
5100 1.1355e+06
5200 1.1355e+06
5300 1.1355e+06
5400 1.13549e+06
5500 1.13558e+06
5600 1.13554e+06
5700 1.13741e+06
5800 1.13741e+06
5900 1.13739e+06
6000 1.13741e+06
6100 1.13742e+06
6200 1.13741e+06
6300 1.13741e+06
6400 1.13741e+06
6500 1.13741e+06
6600 1.13798e+06
6700 1.7027e+06
6800 1.70268e+06
6900 1.70268e+06
7000 1.70397e+06
7100 1.70771e+06
7200 1.76376e+06
7300 1.76373e+06
7400 1.76373e+06
7500 1.76372e+06
7600 1.76373e+06
7700 1.76373e+06
7800 1.76373e+06
7900 1.76373e+06
8000 1.76373e+06
8100 1.76373e+06
8200 1.76373e+06
8300 1.76373e+06
8400 1.76373e+06
8500 1.76373e+06
8600 1.76373e+06
8700 1.76373e+06
8800 1.76373e+06
8900 1.76373e+06
9000 1.76373e+06
9100 1.76373e+06
9200 1.76373e+06
9300 1.76373e+06
9400 1.76373e+06
9500 1.76373e+06
9600 1.76379e+06
9700 1.76373e+06
9800 1.76373e+06
9900 1.76373e+06
10000 1.76373e+06
10100 1.76373e+06
10200 1.76373e+06
10300 1.76373e+06
10400 1.76373e+06
10500 1.76373e+06
10600 1.76373e+06
10700 1.76373e+06
10800 1.76373e+06
10900 1.76373e+06
11000 1.76373e+06
11100 1.76373e+06
11200 1.76373e+06
11300 1.76373e+06
11400 1.76373e+06
11500 1.76373e+06
11600 1.76373e+06
11700 1.8054e+06
11800 1.80539e+06
11900 1.80539e+06
12000 1.80539e+06
12100 1.80539e+06
12200 1.80539e+06
12300 1.80539e+06
12400 1.80539e+06
12500 1.85168e+06
12600 1.85167e+06
12700 1.85167e+06
12800 1.85167e+06
12900 1.85167e+06
13000 1.85167e+06
13100 1.85167e+06
13200 1.85167e+06
13300 1.85167e+06
13400 1.85167e+06
13500 1.85167e+06
13600 1.85167e+06
13700 1.85167e+06
13800 1.85167e+06
13900 1.85167e+06
14000 1.85167e+06
14100 1.86048e+06
14200 1.86048e+06
14300 1.86048e+06
14400 1.86048e+06
14500 1.86048e+06
14600 1.86047e+06
14700 1.86048e+06
14800 1.86048e+06
14900 1.86048e+06
15000 1.86048e+06
15100 1.86048e+06
15200 1.86048e+06
15300 1.86048e+06
15400 1.86048e+06
15500 1.86048e+06
15600 1.86048e+06
15700 1.86048e+06
15800 1.86048e+06
15900 1.86048e+06
16000 1.86048e+06
16100 1.86048e+06
16200 1.86048e+06
16300 1.86048e+06
16400 1.86048e+06
16500 1.86048e+06
16600 1.86042e+06
16700 1.86072e+06
16800 1.86072e+06
16900 1.86072e+06
17000 1.86072e+06
17100 1.86072e+06
17200 1.86072e+06
17300 1.86072e+06
17400 1.86072e+06
17500 1.86072e+06
17600 1.86072e+06
17700 1.86072e+06
17800 1.86072e+06
17900 1.86072e+06
18000 1.86072e+06
18100 1.86072e+06
18200 1.86072e+06
18300 1.86358e+06
18400 1.86358e+06
18500 1.86358e+06
18600 1.86358e+06
18700 1.86358e+06
18800 1.86358e+06
18900 1.86358e+06
19000 1.86358e+06
19100 1.86358e+06
19200 1.86358e+06
19300 1.86358e+06
19400 1.86358e+06
19500 1.86358e+06
19600 1.86358e+06
19700 1.86358e+06
19800 1.86358e+06
19900 1.86358e+06
20000 1.86358e+06
20100 1.86358e+06
20200 1.86407e+06
20300 1.86357e+06
20400 1.86357e+06
20500 1.86357e+06
20600 1.86357e+06
20700 1.86357e+06
20800 1.86357e+06
20900 1.86357e+06
21000 1.86357e+06
21100 1.86357e+06
21200 1.86357e+06
21300 1.86357e+06
21400 1.86357e+06
21500 1.86357e+06
21600 1.86357e+06
21700 1.86357e+06
21800 1.86357e+06
21900 1.86357e+06
22000 1.86357e+06
22100 1.86357e+06
22200 1.86357e+06
22300 1.86357e+06
22400 1.86357e+06
22500 1.86357e+06
22600 1.86357e+06
22700 1.86357e+06
22800 1.86357e+06
22900 1.86357e+06
23000 1.86357e+06
23100 1.86357e+06
23200 1.86357e+06
23300 1.86357e+06
23400 1.86357e+06
23500 1.86357e+06
23600 1.86357e+06
23700 1.86357e+06
23800 1.86357e+06
23900 1.86357e+06
24000 1.86357e+06
24100 1.86357e+06
24200 1.86357e+06
24300 1.86357e+06
24400 1.86357e+06
24500 1.86357e+06
24600 1.86357e+06
24700 1.86357e+06
24800 1.86357e+06
24900 1.86357e+06
25000 1.86357e+06
25100 1.86357e+06
25200 1.86357e+06
25300 1.86357e+06
25400 1.86357e+06
25500 1.86357e+06
25600 1.86357e+06
25700 1.86357e+06
25800 1.86357e+06
25900 1.86357e+06
26000 1.86357e+06
26100 1.86357e+06
26200 1.86357e+06
26300 1.86357e+06
26400 1.86357e+06
26500 1.86357e+06
26600 1.86357e+06
26700 1.86357e+06
26800 1.86357e+06
26900 1.86357e+06
27000 1.86357e+06
27100 1.86357e+06
27200 1.86357e+06
27300 1.86357e+06
27400 1.86357e+06
27500 1.86357e+06
27600 1.86357e+06
27700 1.86357e+06
27800 1.86357e+06
27900 1.86357e+06
28000 1.86357e+06
28100 1.86357e+06
28200 1.86357e+06
28300 1.86357e+06
28400 1.86357e+06
28500 1.86357e+06
28600 1.86357e+06
28700 1.86357e+06
28800 1.86357e+06
28900 1.90467e+06
29000 1.90467e+06
29100 1.90467e+06
29200 1.90467e+06
29300 1.90467e+06
29400 1.90467e+06
29500 1.90467e+06
29600 1.90467e+06
29700 1.90467e+06
29800 1.90467e+06
29900 1.90467e+06
30000 1.90467e+06
30100 1.90467e+06
30200 1.90467e+06
30300 1.90467e+06
30400 1.90467e+06
30500 1.90467e+06
30600 1.90467e+06
30700 1.90467e+06
30800 1.90467e+06
30900 1.90467e+06
31000 1.90467e+06
31100 1.90467e+06
31200 1.90467e+06
31300 1.90467e+06
31400 1.90467e+06
31500 1.90467e+06
31600 1.90467e+06
31700 1.90467e+06
31800 1.90467e+06
31900 1.90467e+06
32000 1.90467e+06
32100 1.90467e+06
32200 1.90467e+06
32300 1.90467e+06
32400 1.90467e+06
32500 1.90467e+06
32600 1.90467e+06
32700 1.90467e+06
32800 1.90467e+06
32900 1.90467e+06
33000 1.90467e+06
33100 1.90467e+06
33200 1.90467e+06
33300 1.90467e+06
33400 1.90467e+06
33500 1.90467e+06
33600 1.90467e+06
33700 1.90467e+06
33800 1.90467e+06
33900 1.90467e+06
34000 1.90467e+06
34100 1.90467e+06
34200 1.90467e+06
34300 1.90467e+06
34400 1.90467e+06
34500 1.90467e+06
34600 1.90467e+06
34700 1.90467e+06
34800 1.90467e+06
34900 1.90467e+06
35000 1.90467e+06
35100 1.90467e+06
35200 1.90467e+06
35300 1.90467e+06
35400 1.90467e+06
35500 1.90467e+06
35600 1.90467e+06
35700 1.90467e+06
35800 1.90467e+06
35900 1.90467e+06
36000 1.90467e+06
36100 1.90467e+06
36200 1.90467e+06
36300 1.90467e+06
36400 1.90467e+06
36500 1.90467e+06
36600 1.90467e+06
36700 1.90467e+06
36800 1.90467e+06
36900 1.90467e+06
37000 1.90467e+06
37100 1.90467e+06
37200 1.90467e+06
37300 1.90467e+06
37400 1.90467e+06
37500 1.90467e+06
37600 1.90467e+06
37700 1.90467e+06
37800 1.90467e+06
37900 1.90467e+06
38000 1.90467e+06
38100 1.90467e+06
38200 1.90467e+06
38300 1.90467e+06
38400 1.90467e+06
38500 1.90467e+06
38600 1.90467e+06
38700 1.90467e+06
38800 1.90467e+06
38900 1.90467e+06
39000 1.90467e+06
39100 1.90467e+06
39200 1.90467e+06
39300 1.90467e+06
39400 1.90467e+06
39500 1.90467e+06
39600 1.90467e+06
39700 1.90467e+06
39800 1.90467e+06
39900 1.90467e+06
40000 1.90467e+06
40100 1.90467e+06
40200 1.90467e+06
40300 1.90467e+06
40400 1.90467e+06
40500 1.90467e+06
40600 1.90467e+06
40700 1.90467e+06
40800 1.90467e+06
40900 1.90467e+06
41000 1.90467e+06
41100 1.90467e+06
41200 1.90467e+06
41300 1.90467e+06
41400 1.90467e+06
41500 1.90467e+06
41600 1.90467e+06
41700 1.90467e+06
41800 1.90467e+06
41900 1.90467e+06
42000 1.90467e+06
42100 1.90467e+06
42200 1.90467e+06
42300 1.90467e+06
42400 1.90467e+06
42500 1.90467e+06
42600 1.90467e+06
42700 1.90466e+06
42800 1.90467e+06
42900 1.90467e+06
43000 1.90467e+06
43100 1.90467e+06
43200 1.90467e+06
43300 1.90467e+06
43400 1.90467e+06
43500 1.90467e+06
43600 1.90467e+06
43700 1.90467e+06
43800 1.90467e+06
43900 1.90467e+06
44000 1.90467e+06
44100 1.90467e+06
44200 1.90467e+06
44300 1.90467e+06
44400 1.90467e+06
44500 1.90467e+06
44600 1.90467e+06
44700 1.90467e+06
44800 1.90467e+06
44900 1.90467e+06
45000 1.90467e+06
45100 1.90467e+06
45200 1.90467e+06
45300 1.90467e+06
45400 1.90467e+06
45500 1.90467e+06
45600 1.90467e+06
45700 1.90467e+06
45800 1.90467e+06
45900 1.90467e+06
46000 1.90467e+06
46100 1.90467e+06
46200 1.90467e+06
46300 1.90467e+06
46400 1.90467e+06
46500 1.90467e+06
46600 1.90467e+06
46700 1.90467e+06
46800 1.90467e+06
46900 1.90467e+06
47000 1.90467e+06
47100 1.90467e+06
47200 1.90467e+06
47300 1.90467e+06
47400 1.90467e+06
47500 1.90467e+06
47600 1.90467e+06
47700 1.90467e+06
47800 1.90467e+06
47900 1.90467e+06
48000 1.90467e+06
48100 1.90467e+06
48200 1.90467e+06
48300 1.90467e+06
48400 1.90467e+06
48500 1.90467e+06
48600 1.90467e+06
48700 1.90467e+06
48800 1.90467e+06
48900 1.90467e+06
49000 1.90467e+06
49100 1.90467e+06
49200 1.90467e+06
49300 1.90467e+06
49400 1.90467e+06
49500 1.90467e+06
49600 1.90467e+06
49700 1.90467e+06
49800 1.90467e+06
49900 1.90467e+06
50000 1.90467e+06
50100 1.90467e+06
50200 1.90467e+06
50300 1.90467e+06
50400 1.90467e+06
50500 1.90467e+06
50600 1.90467e+06
50700 1.90467e+06
50800 1.90467e+06
50900 1.90467e+06
51000 1.90467e+06
51100 1.90467e+06
51200 1.90467e+06
51300 1.90467e+06
51400 1.90467e+06
51500 1.90467e+06
51600 1.90467e+06
51700 1.90467e+06
51800 1.90467e+06
51900 1.90467e+06
52000 1.90467e+06
52100 1.90467e+06
52200 1.90467e+06
52300 1.90467e+06
52400 1.90467e+06
52500 1.90467e+06
52600 1.90467e+06
52700 1.90467e+06
52800 1.90467e+06
52900 1.90467e+06
53000 1.90467e+06
53100 1.90467e+06
53200 1.90467e+06
53300 1.90467e+06
53400 1.90467e+06
53500 1.90467e+06
53600 1.90467e+06
53700 1.90466e+06
53800 1.90467e+06
53900 1.90466e+06
54000 1.90467e+06
54100 1.90467e+06
54200 1.90467e+06
54300 1.90467e+06
54400 1.90467e+06
54500 1.90467e+06
54600 1.90467e+06
54700 1.90467e+06
54800 1.90467e+06
54900 1.90467e+06
55000 1.90467e+06
55100 1.90467e+06
55200 1.90467e+06
55300 1.90467e+06
55400 1.90467e+06
55500 1.90467e+06
55600 1.90467e+06
55700 1.90467e+06
55800 1.90467e+06
55900 1.90467e+06
56000 1.90467e+06
56100 1.90467e+06
56200 1.90467e+06
56300 1.90467e+06
56400 1.90467e+06
56500 1.90467e+06
56600 1.90467e+06
56700 1.90467e+06
56800 1.90467e+06
56900 1.90467e+06
57000 1.90467e+06
57100 1.90467e+06
57200 1.90467e+06
57300 1.90467e+06
57400 1.90467e+06
57500 1.90467e+06
57600 1.90467e+06
57700 1.90467e+06
57800 1.90467e+06
57900 1.90467e+06
58000 1.90467e+06
58100 1.90467e+06
58200 1.90467e+06
58300 1.90467e+06
58400 1.90467e+06
58500 1.90467e+06
58600 1.90467e+06
58700 1.90467e+06
58800 1.90467e+06
58900 1.90467e+06
59000 1.90467e+06
59100 1.90467e+06
59200 1.90467e+06
59300 1.90467e+06
59400 1.90467e+06
59500 1.90467e+06
59600 1.90467e+06
59700 1.90467e+06
59800 1.90467e+06
59900 1.90467e+06
60000 1.90467e+06
60100 1.90467e+06
60200 1.90467e+06
60300 1.90467e+06
60400 1.90467e+06
60500 1.90467e+06
60600 1.90467e+06
60700 1.90467e+06
60800 1.90467e+06
60900 1.90467e+06
61000 1.90467e+06
61100 1.90467e+06
61200 1.90467e+06
61300 1.90466e+06
61400 1.90467e+06
61500 1.90467e+06
61600 1.90467e+06
61700 1.90467e+06
61800 1.90467e+06
61900 1.90467e+06
62000 1.90467e+06
62100 1.90467e+06
62200 1.90467e+06
62300 1.90467e+06
62400 1.90467e+06
62500 1.90467e+06
62600 1.90467e+06
62700 1.90467e+06
62800 1.90467e+06
62900 1.90467e+06
63000 1.90467e+06
63100 1.90467e+06
63200 1.90467e+06
63300 1.90467e+06
63400 1.90467e+06
63500 1.90467e+06
63600 1.90467e+06
63700 1.90467e+06
63800 1.90467e+06
63900 1.90467e+06
64000 1.90467e+06
64100 1.90467e+06
64200 1.90467e+06
64300 1.90467e+06
64400 1.90467e+06
64500 1.90467e+06
64600 1.90467e+06
64700 1.90467e+06
64800 1.90467e+06
64900 1.90467e+06
65000 1.90467e+06
65100 1.90467e+06
65200 1.90467e+06
65300 1.90467e+06
65400 1.90467e+06
65500 1.90467e+06
65600 1.90467e+06
65700 1.90467e+06
65800 1.90467e+06
65900 1.90467e+06
66000 1.90467e+06
66100 1.90467e+06
66200 1.90467e+06
66300 1.90467e+06
66400 1.90467e+06
66500 1.90467e+06
66600 1.90467e+06
66700 1.90467e+06
66800 1.90467e+06
66900 1.90467e+06
67000 1.90467e+06
67100 1.90467e+06
67200 1.90467e+06
67300 1.90467e+06
67400 1.90467e+06
67500 1.90467e+06
67600 1.90467e+06
67700 1.90467e+06
67800 1.90467e+06
67900 1.90467e+06
68000 1.90467e+06
68100 1.90467e+06
68200 1.90467e+06
68300 1.90467e+06
68400 1.90467e+06
68500 1.90467e+06
68600 1.90467e+06
68700 1.90467e+06
68800 1.90467e+06
68900 1.90466e+06
69000 1.90467e+06
69100 1.90467e+06
69200 1.90449e+06
69300 1.90467e+06
69400 1.90467e+06
69500 1.90467e+06
69600 1.90467e+06
69700 1.90467e+06
69800 1.90467e+06
69900 1.90467e+06
70000 1.90467e+06
70100 1.90467e+06
70200 1.90467e+06
70300 1.90467e+06
70400 1.90467e+06
70500 1.90467e+06
70600 1.90467e+06
70700 1.90467e+06
70800 1.90467e+06
70900 1.90467e+06
71000 1.90467e+06
71100 1.90467e+06
71200 1.90467e+06
71300 1.90467e+06
71400 1.90467e+06
71500 1.90467e+06
71600 1.90467e+06
71700 1.90467e+06
71800 1.90467e+06
71900 1.90467e+06
72000 1.90467e+06
72100 1.90467e+06
72200 1.90467e+06
72300 1.90467e+06
72400 1.90467e+06
72500 1.90467e+06
72600 1.90467e+06
72700 1.90467e+06
72800 1.90467e+06
72900 1.90467e+06
73000 1.90467e+06
73100 1.90467e+06
73200 1.90467e+06
73300 1.90467e+06
73400 1.90467e+06
73500 1.90467e+06
73600 1.90467e+06
73700 1.90467e+06
73800 1.90467e+06
73900 1.90467e+06
74000 1.90467e+06
74100 1.90467e+06
74200 1.90467e+06
74300 1.90467e+06
74400 1.90467e+06
74500 1.90467e+06
74600 1.90467e+06
74700 1.90467e+06
74800 1.90467e+06
74900 1.90467e+06
75000 1.90467e+06
75100 1.90467e+06
75200 1.90467e+06
75300 1.90467e+06
75400 1.90467e+06
75500 1.90467e+06
75600 1.90467e+06
75700 1.90467e+06
75800 1.90467e+06
75900 1.90467e+06
76000 1.90467e+06
76100 1.90467e+06
76200 1.90467e+06
76300 1.90467e+06
76400 1.90467e+06
76500 1.90467e+06
76600 1.90466e+06
76700 1.90468e+06
76800 1.90467e+06
76900 1.90467e+06
77000 1.90467e+06
77100 1.90467e+06
77200 1.90467e+06
77300 1.90467e+06
77400 1.90467e+06
77500 1.90467e+06
77600 1.90467e+06
77700 1.90467e+06
77800 1.90467e+06
77900 1.90467e+06
78000 1.90467e+06
78100 1.90467e+06
78200 1.90467e+06
78300 1.90467e+06
78400 1.90467e+06
78500 1.90467e+06
78600 1.90467e+06
78700 1.90467e+06
78800 1.90467e+06
78900 1.90467e+06
79000 1.90467e+06
79100 1.90467e+06
79200 1.90467e+06
79300 1.90467e+06
79400 1.90467e+06
79500 1.90467e+06
79600 1.90467e+06
79700 1.90467e+06
79800 1.90467e+06
79900 1.90467e+06
80000 1.90467e+06
80100 1.90467e+06
80200 1.90467e+06
80300 1.90467e+06
80400 1.90467e+06
80500 1.90467e+06
80600 1.90467e+06
80700 1.90467e+06
80800 1.90467e+06
80900 1.90467e+06
81000 1.90467e+06
81100 1.90467e+06
81200 1.90467e+06
81300 1.90467e+06
81400 1.90467e+06
81500 1.90467e+06
81600 1.90467e+06
81700 1.90467e+06
81800 1.90467e+06
81900 1.90467e+06
82000 1.90467e+06
82100 1.90467e+06
82200 1.90467e+06
82300 1.90467e+06
82400 1.90467e+06
82500 1.90467e+06
82600 1.90467e+06
82700 1.90467e+06
82800 1.90467e+06
82900 1.90467e+06
83000 1.90467e+06
83100 1.90467e+06
83200 1.90467e+06
83300 1.90467e+06
83400 1.90467e+06
83500 1.90467e+06
83600 1.90467e+06
83700 1.90467e+06
83800 1.90467e+06
83900 1.90467e+06
84000 1.90467e+06
84100 1.90467e+06
84200 1.90467e+06
84300 1.90466e+06
84400 1.90412e+06
84500 1.90467e+06
84600 1.90467e+06
84700 1.90467e+06
84800 1.90467e+06
84900 1.90467e+06
85000 1.90467e+06
85100 1.90467e+06
85200 1.90467e+06
85300 1.90467e+06
85400 1.90467e+06
85500 1.90467e+06
85600 1.90467e+06
85700 1.90467e+06
85800 1.90467e+06
85900 1.90467e+06
86000 1.90467e+06
86100 1.90467e+06
86200 1.90467e+06
86300 1.90467e+06
86400 1.90467e+06
86500 1.90467e+06
86600 1.90467e+06
86700 1.90467e+06
86800 1.90467e+06
86900 1.90467e+06
87000 1.90467e+06
87100 1.90467e+06
87200 1.90467e+06
87300 1.90467e+06
87400 1.90467e+06
87500 1.90467e+06
87600 1.90467e+06
87700 1.90467e+06
87800 1.90467e+06
87900 1.90467e+06
88000 1.90467e+06
88100 1.90467e+06
88200 1.90467e+06
88300 1.90467e+06
88400 1.90467e+06
88500 1.90467e+06
88600 1.90467e+06
88700 1.90467e+06
88800 1.90467e+06
88900 1.90467e+06
89000 1.90467e+06
89100 1.90467e+06
89200 1.90467e+06
89300 1.90467e+06
89400 1.90467e+06
89500 1.90467e+06
89600 1.90467e+06
89700 1.90467e+06
89800 1.90467e+06
89900 1.90467e+06
90000 1.90467e+06
90100 1.90467e+06
90200 1.90467e+06
90300 1.90467e+06
90400 1.90467e+06
90500 1.90467e+06
90600 1.90467e+06
90700 1.90467e+06
90800 1.90467e+06
90900 1.90467e+06
91000 1.90467e+06
91100 1.90467e+06
91200 1.90467e+06
91300 1.90467e+06
91400 1.90467e+06
91500 1.90467e+06
91600 1.90467e+06
91700 1.90467e+06
91800 1.90467e+06
91900 1.90467e+06
92000 1.90466e+06
92100 1.90467e+06
92200 1.91092e+06
92300 1.91092e+06
92400 1.91092e+06
92500 1.91092e+06
92600 1.91092e+06
92700 1.91092e+06
92800 1.91092e+06
92900 1.91092e+06
93000 1.91092e+06
93100 1.91092e+06
93200 1.91092e+06
93300 1.91092e+06
93400 1.91092e+06
93500 1.91092e+06
93600 1.91092e+06
93700 1.91092e+06
93800 1.91092e+06
93900 1.91092e+06
94000 1.91092e+06
94100 1.91092e+06
94200 1.91092e+06
94300 1.91092e+06
94400 1.91092e+06
94500 1.91092e+06
94600 1.91092e+06
94700 1.91092e+06
94800 1.91092e+06
94900 1.91092e+06
95000 1.91092e+06
95100 1.91092e+06
95200 1.91092e+06
95300 1.91092e+06
95400 1.91092e+06
95500 1.91092e+06
95600 1.91092e+06
95700 1.91092e+06
95800 1.91092e+06
95900 1.91092e+06
96000 1.91092e+06
96100 1.91092e+06
96200 1.91092e+06
96300 1.91092e+06
96400 1.91092e+06
96500 1.91092e+06
96600 1.91092e+06
96700 1.91092e+06
96800 1.91092e+06
96900 1.91092e+06
97000 1.91092e+06
97100 1.91092e+06
97200 1.91092e+06
97300 1.91092e+06
97400 1.91092e+06
97500 1.91092e+06
97600 1.91092e+06
97700 1.91092e+06
97800 1.91092e+06
97900 1.91092e+06
98000 1.91092e+06
98100 1.91092e+06
98200 1.91092e+06
98300 1.91092e+06
98400 1.91092e+06
98500 1.91092e+06
98600 1.91092e+06
98700 1.91092e+06
98800 1.91092e+06
98900 1.91092e+06
99000 1.91092e+06
99100 1.91092e+06
99200 1.91092e+06
99300 1.91092e+06
99400 1.91092e+06
99500 1.91091e+06
99600 1.91093e+06
99700 1.91091e+06
99800 1.91093e+06
99900 1.91092e+06
100000 1.91092e+06
