-1 -1.28714
0 -1.28726
1 -1.28838
2 -1.28921
3 -1.28943
4 -1.28878
5 -1.28735
6 -1.2858
7 -1.28488
8 -1.28486
9 -1.28558
10 -1.28669
11 -1.28791
12 -1.28896
13 -1.28952
14 -1.28923
15 -1.288
16 -1.28628
17 -1.28493
18 -1.28452
19 -1.28498
20 -1.28599
21 -1.28719
22 -1.28834
23 -1.28914
24 -1.28929
25 -1.28856
26 -1.2871
27 -1.28558
28 -1.28472
29 -1.28474
30 -1.28543
31 -1.28647
32 -1.28758
33 -1.28851
34 -1.28904
35 -1.28889
36 -1.28799
37 -1.28667
38 -1.28552
39 -1.28505
40 -1.28532
41 -1.28611
42 -1.28717
43 -1.28825
44 -1.2891
45 -1.28942
46 -1.28894
47 -1.28766
48 -1.28612
49 -1.28506
50 -1.28487
51 -1.28545
52 -1.2865
53 -1.28772
54 -1.28885
55 -1.28958
56 -1.28955
57 -1.28851
58 -1.28677
59 -1.28518
60 -1.28448
61 -1.28476
62 -1.28568
63 -1.28689
64 -1.28808
65 -1.289
66 -1.28931
67 -1.28876
68 -1.28741
69 -1.28585
70 -1.28484
71 -1.28472
72 -1.28534
73 -1.28636
74 -1.28751
75 -1.28852
76 -1.28913
77 -1.28905
78 -1.28815
79 -1.28672
80 -1.28543
81 -1.28484
82 -1.28506
83 -1.28585
84 -1.28692
85 -1.28802
86 -1.28891
87 -1.28932
88 -1.28896
89 -1.28781
90 -1.28632
91 -1.28519
92 -1.28487
93 -1.28531
94 -1.28624
95 -1.28737
96 -1.28846
97 -1.28922
98 -1.28936
99 -1.28864
100 -1.28722
101 -1.28574
102 -1.28491
103 -1.28497
104 -1.28572
105 -1.28684
106 -1.28804
107 -1.28907
108 -1.28958
109 -1.28922
110 -1.28791
111 -1.28617
112 -1.28486
113 -1.28452
114 -1.28504
115 -1.28609
116 -1.28733
117 -1.28847
118 -1.28925
119 -1.28932
120 -1.28847
121 -1.28692
122 -1.2854
123 -1.28462
124 -1.28473
125 -1.2855
126 -1.28657
127 -1.28768
128 -1.28859
129 -1.28904
130 -1.28879
131 -1.28781
132 -1.28646
133 -1.28539
134 -1.28502
135 -1.28537
136 -1.28621
137 -1.28727
138 -1.28832
139 -1.28912
140 -1.28935
141 -1.28878
142 -1.28747
143 -1.28599
144 -1.28504
145 -1.28495
146 -1.28557
147 -1.28663
148 -1.28783
149 -1.28892
150 -1.28959
151 -1.28948
152 -1.28839
153 -1.28666
154 -1.28515
155 -1.28453
156 -1.28487
157 -1.28582
158 -1.28703
159 -1.28822
160 -1.28911
161 -1.28937
162 -1.28873
163 -1.2873
164 -1.28572
165 -1.28476
166 -1.28472
167 -1.2854
168 -1.28647
169 -1.28764
170 -1.28864
171 -1.28921
172 -1.28903
173 -1.28801
174 -1.28651
175 -1.28525
176 -1.28475
177 -1.28506
178 -1.28591
179 -1.28701
180 -1.2881
181 -1.28895
182 -1.28926
183 -1.2888
184 -1.28759
185 -1.28613
186 -1.28511
187 -1.2849
188 -1.28541
189 -1.28636
190 -1.28748
191 -1.28852
192 -1.28921
193 -1.28927
194 -1.28849
195 -1.28707
196 -1.28568
197 -1.28496
198 -1.28508
199 -1.28586
200 -1.28698
201 -1.28817
202 -1.28916
203 -1.28962
204 -1.28919
205 -1.28782
206 -1.28607
207 -1.28482
208 -1.28454
209 -1.28513
210 -1.28621
211 -1.28746
212 -1.28861
213 -1.28935
214 -1.28935
215 -1.28839
216 -1.28676
217 -1.28524
218 -1.28453
219 -1.28474
220 -1.28557
221 -1.28668
222 -1.2878
223 -1.28868
224 -1.28906
225 -1.2887
226 -1.28763
227 -1.28626
228 -1.28525
229 -1.28498
230 -1.28541
231 -1.2863
232 -1.28737
233 -1.2884
234 -1.28913
235 -1.28927
236 -1.2886
237 -1.28727
238 -1.28585
239 -1.28502
240 -1.28501
241 -1.28569
242 -1.28675
243 -1.28793
244 -1.28897
245 -1.28957
246 -1.28938
247 -1.28824
248 -1.28655
249 -1.28513
250 -1.28461
251 -1.28499
252 -1.28596
253 -1.28717
254 -1.28835
255 -1.2892
256 -1.28941
257 -1.28869
258 -1.2872
259 -1.28562
260 -1.28472
261 -1.28474
262 -1.28549
263 -1.2866
264 -1.28778
265 -1.28878
266 -1.28929
267 -1.28902
268 -1.28788
269 -1.28632
270 -1.28508
271 -1.28467
272 -1.28507
273 -1.28598
274 -1.28711
275 -1.28819
276 -1.28899
277 -1.28922
278 -1.28864
279 -1.28737
280 -1.28593
281 -1.28502
282 -1.28492
283 -1.2855
284 -1.28647
285 -1.28758
286 -1.28857
287 -1.28919
288 -1.28915
289 -1.28831
290 -1.28691
291 -1.28561
292 -1.285
293 -1.28519
294 -1.286
295 -1.28712
296 -1.28829
297 -1.28924
298 -1.28963
299 -1.28913
300 -1.28772
301 -1.28598
302 -1.2848
303 -1.2846
304 -1.28523
305 -1.28634
306 -1.2876
307 -1.28874
308 -1.28944
309 -1.28937
310 -1.28831
311 -1.28661
312 -1.28511
313 -1.28447
314 -1.28476
315 -1.28565
316 -1.2868
317 -1.28792
318 -1.28877
319 -1.28908
320 -1.28862
321 -1.28745
322 -1.28606
323 -1.28511
324 -1.28494
325 -1.28545
326 -1.28639
327 -1.28747
328 -1.28847
329 -1.28914
330 -1.28918
331 -1.28842
332 -1.28705
333 -1.2857
334 -1.28498
335 -1.28507
336 -1.2858
337 -1.28687
338 -1.28802
339 -1.28901
340 -1.28953
341 -1.28926
342 -1.28808
343 -1.28643
344 -1.28512
345 -1.28469
346 -1.28512
347 -1.28611
348 -1.28731
349 -1.28846
350 -1.28928
351 -1.28942
352 -1.28864
353 -1.2871
354 -1.28554
355 -1.2847
356 -1.2848
357 -1.28559
358 -1.28673
359 -1.28793
360 -1.28891
361 -1.28938
362 -1.28901
363 -1.28776
364 -1.28613
365 -1.28492
366 -1.2846
367 -1.28509
368 -1.28606
369 -1.28721
370 -1.28829
371 -1.28904
372 -1.28918
373 -1.28849
374 -1.28715
375 -1.28574
376 -1.28492
377 -1.28493
378 -1.28557
379 -1.28658
380 -1.28767
381 -1.28861
382 -1.28916
383 -1.28903
384 -1.28812
385 -1.28674
386 -1.28554
387 -1.28503
388 -1.2853
389 -1.28613
390 -1.28725
391 -1.28839
392 -1.28929
393 -1.28961
394 -1.28903
395 -1.28759
396 -1.2859
397 -1.2848
398 -1.28467
399 -1.28535
400 -1.28647
401 -1.28773
402 -1.28885
403 -1.28952
404 -1.28937
405 -1.28823
406 -1.28648
407 -1.28501
408 -1.28445
409 -1.2848
410 -1.28575
411 -1.28692
412 -1.28805
413 -1.28888
414 -1.28912
415 -1.28855
416 -1.28728
417 -1.28587
418 -1.28498
419 -1.2849
420 -1.2855
421 -1.28648
422 -1.28757
423 -1.28855
424 -1.28915
425 -1.28909
426 -1.28823
427 -1.28683
428 -1.28555
429 -1.28493
430 -1.28512
431 -1.2859
432 -1.28697
433 -1.2881
434 -1.28903
435 -1.28947
436 -1.28911
437 -1.28789
438 -1.2863
439 -1.2851
440 -1.28478
441 -1.28526
442 -1.28625
443 -1.28744
444 -1.28856
445 -1.28933
446 -1.28941
447 -1.28856
448 -1.28701
449 -1.28548
450 -1.28471
451 -1.28487
452 -1.2857
453 -1.28686
454 -1.28807
455 -1.28905
456 -1.28947
457 -1.28901
458 -1.28765
459 -1.28597
460 -1.28479
461 -1.28455
462 -1.28512
463 -1.28615
464 -1.28733
465 -1.2884
466 -1.28911
467 -1.28915
468 -1.28835
469 -1.28693
470 -1.28555
471 -1.28483
472 -1.28493
473 -1.28565
474 -1.28668
475 -1.28776
476 -1.28866
477 -1.28912
478 -1.2889
479 -1.28793
480 -1.28657
481 -1.28546
482 -1.28506
483 -1.2854
484 -1.28626
485 -1.28737
486 -1.28847
487 -1.28932
488 -1.28956
489 -1.28891
490 -1.28745
491 -1.28582
492 -1.28482
493 -1.28476
494 -1.28548
495 -1.28661
496 -1.28786
497 -1.28896
498 -1.28958
499 -1.28936
500 -1.28814
501 -1.28637
502 -1.28494
503 -1.28445
504 -1.28487
505 -1.28586
506 -1.28706
507 -1.28819
508 -1.28899
509 -1.28916
510 -1.28849
511 -1.28713
512 -1.2857
513 -1.28487
514 -1.28488
515 -1.28555
516 -1.28657
517 -1.28768
518 -1.28864
519 -1.28918
520 -1.28901
521 -1.28805
522 -1.28661
523 -1.28538
524 -1.28488
525 -1.28516
526 -1.28599
527 -1.28707
528 -1.28818
529 -1.28905
530 -1.28939
531 -1.28894
532 -1.28769
533 -1.28616
534 -1.28508
535 -1.28486
536 -1.2854
537 -1.2864
538 -1.28757
539 -1.28865
540 -1.28936
541 -1.28936
542 -1.28846
543 -1.2869
544 -1.28544
545 -1.28475
546 -1.28497
547 -1.28583
548 -1.28701
549 -1.28822
550 -1.28918
551 -1.28954
552 -1.28899
553 -1.28754
554 -1.28582
555 -1.28469
556 -1.28453
557 -1.28517
558 -1.28625
559 -1.28745
560 -1.28852
561 -1.28918
562 -1.28912
563 -1.28821
564 -1.28672
565 -1.28537
566 -1.28474
567 -1.28494
568 -1.28572
569 -1.28677
570 -1.28785
571 -1.2887
572 -1.28909
573 -1.28876
574 -1.28772
575 -1.28638
576 -1.28536
577 -1.28507
578 -1.28549
579 -1.28638
580 -1.28748
581 -1.28855
582 -1.28933
583 -1.28948
584 -1.28876
585 -1.28729
586 -1.28573
587 -1.28484
588 -1.28486
589 -1.28561
590 -1.28675
591 -1.28798
592 -1.28905
593 -1.28961
594 -1.28932
595 -1.28805
596 -1.28628
597 -1.2849
598 -1.28448
599 -1.28496
600 -1.28598
601 -1.2872
602 -1.28833
603 -1.2891
604 -1.28921
605 -1.28843
606 -1.28698
607 -1.28554
608 -1.28477
609 -1.28486
610 -1.2856
611 -1.28667
612 -1.2878
613 -1.28874
614 -1.28921
615 -1.28894
616 -1.28786
617 -1.28639
618 -1.28522
619 -1.28482
620 -1.28519
621 -1.28607
622 -1.28717
623 -1.28825
624 -1.28906
625 -1.28931
626 -1.28876
627 -1.28748
628 -1.28602
629 -1.28506
630 -1.28494
631 -1.28552
632 -1.28653
633 -1.28768
634 -1.28872
635 -1.28936
636 -1.28929
637 -1.28834
638 -1.2868
639 -1.28541
640 -1.2848
641 -1.28508
642 -1.28597
643 -1.28715
644 -1.28835
645 -1.28929
646 -1.2896
647 -1.28897
648 -1.28744
649 -1.2857
650 -1.28462
651 -1.28453
652 -1.28524
653 -1.28636
654 -1.28758
655 -1.28864
656 -1.28926
657 -1.28911
658 -1.28808
659 -1.28653
660 -1.2852
661 -1.28466
662 -1.28495
663 -1.28579
664 -1.28688
665 -1.28794
666 -1.28876
667 -1.28906
668 -1.28863
669 -1.28752
670 -1.28619
671 -1.28526
672 -1.28507
673 -1.28556
674 -1.28648
675 -1.28758
676 -1.28862
677 -1.28932
678 -1.28938
679 -1.28858
680 -1.28711
681 -1.28564
682 -1.28486
683 -1.28496
684 -1.28574
685 -1.28688
686 -1.28809
687 -1.28911
688 -1.28962
689 -1.28925
690 -1.28794
691 -1.28619
692 -1.28489
693 -1.28454
694 -1.28507
695 -1.28612
696 -1.28734
697 -1.28847
698 -1.28921
699 -1.28925
700 -1.28838
701 -1.28685
702 -1.2854
703 -1.28469
704 -1.28487
705 -1.28568
706 -1.28679
707 -1.28793
708 -1.28885
709 -1.28926
710 -1.28887
711 -1.28769
712 -1.28617
713 -1.28506
714 -1.28476
715 -1.28522
716 -1.28615
717 -1.28726
718 -1.28832
719 -1.28906
720 -1.28922
721 -1.28857
722 -1.28726
723 -1.28586
724 -1.28503
725 -1.285
726 -1.28564
727 -1.28666
728 -1.28778
729 -1.28877
730 -1.28934
731 -1.28919
732 -1.28819
733 -1.28668
734 -1.28538
735 -1.28487
736 -1.2852
737 -1.28611
738 -1.28729
739 -1.28848
740 -1.28938
741 -1.28964
742 -1.28893
743 -1.28734
744 -1.2856
745 -1.28458
746 -1.28456
747 -1.28532
748 -1.28648
749 -1.28772
750 -1.28877
751 -1.28934
752 -1.2891
753 -1.28797
754 -1.28635
755 -1.28504
756 -1.28459
757 -1.28497
758 -1.28587
759 -1.28699
760 -1.28805
761 -1.28882
762 -1.28904
763 -1.28851
764 -1.28732
765 -1.286
766 -1.28515
767 -1.28506
768 -1.28563
769 -1.28658
770 -1.28768
771 -1.28868
772 -1.28931
773 -1.28927
774 -1.28839
775 -1.28692
776 -1.28554
777 -1.28487
778 -1.28506
779 -1.28587
780 -1.287
781 -1.28819
782 -1.28916
783 -1.28959
784 -1.28916
785 -1.28781
786 -1.28611
787 -1.28489
788 -1.28463
789 -1.2852
790 -1.28626
791 -1.28749
792 -1.2886
793 -1.28931
794 -1.28928
795 -1.28832
796 -1.28674
797 -1.28529
798 -1.28465
799 -1.2849
800 -1.28576
801 -1.28691
802 -1.28807
803 -1.28897
804 -1.28931
805 -1.28882
806 -1.28752
807 -1.28596
808 -1.2849
809 -1.2847
810 -1.28525
811 -1.28623
812 -1.28736
813 -1.28839
814 -1.28907
815 -1.28913
816 -1.28839
817 -1.28705
818 -1.28571
819 -1.28498
820 -1.28506
821 -1.28575
822 -1.28677
823 -1.28787
824 -1.28881
825 -1.2893
826 -1.28907
827 -1.28802
828 -1.28655
829 -1.28535
830 -1.28493
831 -1.28532
832 -1.28625
833 -1.28743
834 -1.28859
835 -1.28945
836 -1.28964
837 -1.28886
838 -1.28723
839 -1.28552
840 -1.28457
841 -1.28462
842 -1.28542
843 -1.2866
844 -1.28785
845 -1.28889
846 -1.28942
847 -1.28909
848 -1.28786
849 -1.28619
850 -1.28492
851 -1.28454
852 -1.285
853 -1.28596
854 -1.2871
855 -1.28816
856 -1.2889
857 -1.28903
858 -1.28839
859 -1.28713
860 -1.28581
861 -1.28505
862 -1.28505
863 -1.28569
864 -1.28668
865 -1.28777
866 -1.28873
867 -1.28929
868 -1.28915
869 -1.28819
870 -1.28672
871 -1.28543
872 -1.28488
873 -1.28515
874 -1.28599
875 -1.28712
876 -1.28827
877 -1.28918
878 -1.28954
879 -1.28903
880 -1.28767
881 -1.28602
882 -1.28491
883 -1.28473
884 -1.28534
885 -1.28641
886 -1.28762
887 -1.28872
888 -1.28938
889 -1.28929
890 -1.28826
891 -1.28663
892 -1.28521
893 -1.28463
894 -1.28494
895 -1.28586
896 -1.28704
897 -1.28821
898 -1.28909
899 -1.28937
900 -1.28877
901 -1.28736
902 -1.28576
903 -1.28476
904 -1.28465
905 -1.28529
906 -1.28632
907 -1.28746
908 -1.28847
909 -1.28909
910 -1.28905
911 -1.28821
912 -1.28683
913 -1.28555
914 -1.28493
915 -1.2851
916 -1.28584
917 -1.28688
918 -1.28796
919 -1.28884
920 -1.28925
921 -1.28893
922 -1.28784
923 -1.28641
924 -1.28531
925 -1.285
926 -1.28544
927 -1.28639
928 -1.28756
929 -1.28869
930 -1.2895
931 -1.28962
932 -1.28876
933 -1.28712
934 -1.28546
935 -1.28458
936 -1.2847
937 -1.28554
938 -1.28674
939 -1.28799
940 -1.28901
941 -1.28949
942 -1.28908
943 -1.28775
944 -1.28605
945 -1.28482
946 -1.28452
947 -1.28506
948 -1.28607
949 -1.28723
950 -1.28829
951 -1.28898
952 -1.28903
953 -1.28828
954 -1.28694
955 -1.28563
956 -1.28494
957 -1.28504
958 -1.28575
959 -1.28677
960 -1.28787
961 -1.28879
962 -1.28927
963 -1.28903
964 -1.28798
965 -1.28651
966 -1.28531
967 -1.28487
968 -1.28523
969 -1.28611
970 -1.28723
971 -1.28834
972 -1.28919
973 -1.28946
974 -1.28888
975 -1.2875
976 -1.28593
977 -1.28493
978 -1.28483
979 -1.28548
980 -1.28656
981 -1.28776
982 -1.28882
983 -1.28944
984 -1.28927
985 -1.28818
986 -1.28653
987 -1.28516
988 -1.28464
989 -1.28502
990 -1.28597
991 -1.28718
992 -1.28836
993 -1.28922
994 -1.28943
995 -1.28872
996 -1.28721
997 -1.28558
998 -1.28463
999 -1.28462