-1 -1.28714
0 -1.29819
1 -1.30655
2 -1.30851
3 -1.30064
4 -1.28381
5 -1.26616
6 -1.25749
7 -1.26109
8 -1.274
9 -1.29182
10 -1.31032
11 -1.32352
12 -1.32097
13 -1.29297
14 -1.2502
15 -1.22279
16 -1.22227
17 -1.23758
18 -1.25708
19 -1.27509
20 -1.28898
21 -1.29644
22 -1.29491
23 -1.28359
24 -1.26662
25 -1.25209
26 -1.24567
27 -1.24711
28 -1.25305
29 -1.26034
30 -1.26713
31 -1.2726
32 -1.27652
33 -1.27901
34 -1.28034
35 -1.28097
36 -1.28145
37 -1.28237
38 -1.28426
39 -1.28753
40 -1.29239
41 -1.29883
42 -1.30648
43 -1.31423
44 -1.31959
45 -1.31832
46 -1.30596
47 -1.28356
48 -1.26153
49 -1.25154
50 -1.25612
51 -1.27089
52 -1.29101
53 -1.31301
54 -1.3322
55 -1.33788
56 -1.31342
57 -1.26026
58 -1.21814
59 -1.21232
60 -1.22909
61 -1.25107
62 -1.27027
63 -1.28364
64 -1.28928
65 -1.28606
66 -1.2755
67 -1.26299
68 -1.25486
69 -1.25389
70 -1.25878
71 -1.26666
72 -1.27499
73 -1.28194
74 -1.28616
75 -1.28671
76 -1.28343
77 -1.27744
78 -1.27106
79 -1.26684
80 -1.26623
81 -1.26925
82 -1.27498
83 -1.28223
84 -1.28987
85 -1.29668
86 -1.30115
87 -1.30151
88 -1.29641
89 -1.28641
90 -1.27505
91 -1.26712
92 -1.26554
93 -1.27012
94 -1.27888
95 -1.2895
96 -1.2997
97 -1.30673
98 -1.30712
99 -1.29817
100 -1.28178
101 -1.26606
102 -1.25946
103 -1.2642
104 -1.27734
105 -1.29483
106 -1.31254
107 -1.32418
108 -1.31912
109 -1.2891
110 -1.24754
111 -1.22358
112 -1.22558
113 -1.242
114 -1.26201
115 -1.28033
116 -1.29413
117 -1.30036
118 -1.29568
119 -1.27979
120 -1.25943
121 -1.24486
122 -1.24086
123 -1.24503
124 -1.25288
125 -1.26117
126 -1.26832
127 -1.27375
128 -1.2774
129 -1.27948
130 -1.28035
131 -1.28056
132 -1.28075
133 -1.28156
134 -1.2835
135 -1.28688
136 -1.29175
137 -1.29789
138 -1.30463
139 -1.31059
140 -1.31331
141 -1.3095
142 -1.29715
143 -1.27927
144 -1.26417
145 -1.25903
146 -1.26486
147 -1.27871
148 -1.29732
149 -1.3178
150 -1.33523
151 -1.33818
152 -1.31025
153 -1.25632
154 -1.21742
155 -1.21482
156 -1.23324
157 -1.25617
158 -1.27617
159 -1.28995
160 -1.29476
161 -1.28857
162 -1.27344
163 -1.25728
164 -1.24833
165 -1.2488
166 -1.25568
167 -1.26503
168 -1.274
169 -1.28081
170 -1.28434
171 -1.28404
172 -1.28025
173 -1.27455
174 -1.26934
175 -1.26671
176 -1.26753
177 -1.27148
178 -1.27757
179 -1.28469
180 -1.29174
181 -1.29746
182 -1.30033
183 -1.29879
184 -1.29215
185 -1.28194
186 -1.27207
187 -1.26657
188 -1.26713
189 -1.27295
190 -1.28209
191 -1.29249
192 -1.30201
193 -1.30789
194 -1.30673
195 -1.29634
196 -1.27957
197 -1.2649
198 -1.25994
199 -1.26588
200 -1.27949
201 -1.29676
202 -1.31353
203 -1.32324
204 -1.31563
205 -1.28473
206 -1.24609
207 -1.22615
208 -1.23024
209 -1.24716
210 -1.2672
211 -1.28544
212 -1.29868
213 -1.30305
214 -1.29463
215 -1.27437
216 -1.25208
217 -1.23916
218 -1.2383
219 -1.24507
220 -1.25445
221 -1.26345
222 -1.27076
223 -1.27598
224 -1.27912
225 -1.28042
226 -1.28038
227 -1.2797
228 -1.27921
229 -1.27965
230 -1.28151
231 -1.28494
232 -1.28976
233 -1.29545
234 -1.30109
235 -1.3052
236 -1.30576
237 -1.30081
238 -1.29027
239 -1.27756
240 -1.26841
241 -1.2669
242 -1.27347
243 -1.28637
244 -1.30348
245 -1.32233
246 -1.33766
247 -1.33737
248 -1.30603
249 -1.25244
250 -1.21765
251 -1.21829
252 -1.23823
253 -1.26215
254 -1.28318
255 -1.29763
256 -1.30141
257 -1.29106
258 -1.26963
259 -1.24908
260 -1.24004
261 -1.24294
262 -1.25234
263 -1.26322
264 -1.27269
265 -1.27925
266 -1.28213
267 -1.28125
268 -1.27744
269 -1.27252
270 -1.2687
271 -1.26755
272 -1.26949
273 -1.27401
274 -1.28015
275 -1.28687
276 -1.29307
277 -1.29748
278 -1.29865
279 -1.29537
280 -1.28775
281 -1.27808
282 -1.27017
283 -1.26705
284 -1.26946
285 -1.27628
286 -1.28574
287 -1.296
288 -1.30498
289 -1.30979
290 -1.30691
291 -1.29455
292 -1.27672
293 -1.26264
294 -1.25923
295 -1.26655
296 -1.28079
297 -1.29786
298 -1.31346
299 -1.32095
300 -1.31093
301 -1.28029
302 -1.24579
303 -1.23005
304 -1.2358
305 -1.25279
306 -1.27249
307 -1.29025
308 -1.30242
309 -1.30432
310 -1.29185
311 -1.26803
312 -1.24557
313 -1.23551
314 -1.2379
315 -1.24687
316 -1.2574
317 -1.26687
318 -1.27418
319 -1.279
320 -1.28129
321 -1.28137
322 -1.27989
323 -1.27787
324 -1.27646
325 -1.27651
326 -1.2784
327 -1.28201
328 -1.28681
329 -1.29201
330 -1.29657
331 -1.29919
332 -1.2985
333 -1.29377
334 -1.28591
335 -1.27784
336 -1.27317
337 -1.27422
338 -1.28125
339 -1.29336
340 -1.30916
341 -1.32636
342 -1.33927
343 -1.33531
344 -1.30076
345 -1.24872
346 -1.21876
347 -1.22258
348 -1.24384
349 -1.26871
350 -1.29089
351 -1.30616
352 -1.30858
353 -1.2927
354 -1.26345
355 -1.23877
356 -1.23111
357 -1.23748
358 -1.24961
359 -1.26188
360 -1.27166
361 -1.27787
362 -1.28018
363 -1.27894
364 -1.27534
365 -1.27129
366 -1.2687
367 -1.26872
368 -1.27145
369 -1.27629
370 -1.28229
371 -1.28845
372 -1.29366
373 -1.29666
374 -1.29618
375 -1.29154
376 -1.2836
377 -1.27509
378 -1.26933
379 -1.26839
380 -1.27233
381 -1.27993
382 -1.28963
383 -1.29978
384 -1.30823
385 -1.31185
386 -1.3069
387 -1.29214
388 -1.27305
389 -1.2597
390 -1.2581
391 -1.26694
392 -1.28184
393 -1.29862
394 -1.31288
395 -1.31805
396 -1.30598
397 -1.27634
398 -1.24623
399 -1.23436
400 -1.24146
401 -1.25835
402 -1.27753
403 -1.29454
404 -1.30522
405 -1.3042
406 -1.28775
407 -1.26158
408 -1.24048
409 -1.23384
410 -1.23917
411 -1.24987
412 -1.26124
413 -1.27099
414 -1.27816
415 -1.28234
416 -1.28341
417 -1.28174
418 -1.27835
419 -1.27477
420 -1.27252
421 -1.2725
422 -1.27477
423 -1.27877
424 -1.28365
425 -1.28845
426 -1.29217
427 -1.29385
428 -1.29278
429 -1.28899
430 -1.2837
431 -1.27912
432 -1.27751
433 -1.28028
434 -1.28766
435 -1.29919
436 -1.31387
437 -1.32937
438 -1.33948
439 -1.33151
440 -1.29454
441 -1.2457
442 -1.22119
443 -1.22784
444 -1.24998
445 -1.27551
446 -1.29872
447 -1.31468
448 -1.31524
449 -1.29269
450 -1.25516
451 -1.22788
452 -1.22332
453 -1.23366
454 -1.24831
455 -1.26163
456 -1.27151
457 -1.27731
458 -1.27904
459 -1.27739
460 -1.27382
461 -1.27031
462 -1.26858
463 -1.26943
464 -1.27274
465 -1.27778
466 -1.28359
467 -1.28912
468 -1.29329
469 -1.29491
470 -1.29302
471 -1.28756
472 -1.27999
473 -1.27309
474 -1.26951
475 -1.27046
476 -1.27559
477 -1.28374
478 -1.29356
479 -1.30346
480 -1.3112
481 -1.31328
482 -1.30589
483 -1.28869
484 -1.26886
485 -1.25694
486 -1.25747
487 -1.26782
488 -1.28326
489 -1.29961
490 -1.31248
491 -1.31544
492 -1.30162
493 -1.27308
494 -1.24681
495 -1.23819
496 -1.24648
497 -1.2633
498 -1.28198
499 -1.2981
500 -1.30702
501 -1.30287
502 -1.28295
503 -1.25574
504 -1.23704
505 -1.23383
506 -1.24158
507 -1.25356
508 -1.26549
509 -1.27537
510 -1.28223
511 -1.28547
512 -1.28488
513 -1.28101
514 -1.27548
515 -1.27052
516 -1.26795
517 -1.26841
518 -1.27146
519 -1.27605
520 -1.2811
521 -1.28562
522 -1.28878
523 -1.28997
524 -1.28896
525 -1.28617
526 -1.28281
527 -1.28053
528 -1.28088
529 -1.28476
530 -1.29241
531 -1.30351
532 -1.31715
533 -1.33071
534 -1.33753
535 -1.32552
536 -1.28776
537 -1.24421
538 -1.22548
539 -1.23429
540 -1.25664
541 -1.28231
542 -1.30611
543 -1.32233
544 -1.32042
545 -1.2907
546 -1.246
547 -1.21848
548 -1.21813
549 -1.23218
550 -1.24882
551 -1.26286
552 -1.27268
553 -1.27794
554 -1.27886
555 -1.27641
556 -1.27236
557 -1.26888
558 -1.26761
559 -1.26909
560 -1.27292
561 -1.27817
562 -1.28378
563 -1.28868
564 -1.29183
565 -1.29222
566 -1.28935
567 -1.28374
568 -1.2772
569 -1.27221
570 -1.27067
571 -1.27316
572 -1.27916
573 -1.28761
574 -1.29732
575 -1.30673
576 -1.31336
577 -1.31343
578 -1.30335
579 -1.2842
580 -1.26477
581 -1.25513
582 -1.25799
583 -1.26967
584 -1.28541
585 -1.30124
586 -1.31276
587 -1.31366
588 -1.29816
589 -1.27027
590 -1.24694
591 -1.24099
592 -1.25043
593 -1.26736
594 -1.28561
595 -1.30078
596 -1.30776
597 -1.30056
598 -1.27798
599 -1.25104
600 -1.23531
601 -1.23515
602 -1.24477
603 -1.25761
604 -1.26988
605 -1.27971
606 -1.28601
607 -1.28794
608 -1.28525
609 -1.2789
610 -1.27139
611 -1.26566
612 -1.26353
613 -1.26507
614 -1.26916
615 -1.27442
616 -1.27966
617 -1.28397
618 -1.28675
619 -1.28765
620 -1.28673
621 -1.2846
622 -1.28241
623 -1.2815
624 -1.28303
625 -1.28764
626 -1.29546
627 -1.30613
628 -1.31857
629 -1.32976
630 -1.33282
631 -1.31738
632 -1.28127
633 -1.24498
634 -1.23192
635 -1.24206
636 -1.26384
637 -1.28901
638 -1.31278
639 -1.32857
640 -1.3236
641 -1.28708
642 -1.23749
643 -1.2119
644 -1.21593
645 -1.23302
646 -1.25113
647 -1.26569
648 -1.27537
649 -1.27989
650 -1.27953
651 -1.27555
652 -1.27028
653 -1.2663
654 -1.26526
655 -1.26738
656 -1.27181
657 -1.27734
658 -1.28279
659 -1.28709
660 -1.28932
661 -1.28881
662 -1.28555
663 -1.2805
664 -1.27549
665 -1.2725
666 -1.27276
667 -1.27643
668 -1.28295
669 -1.29144
670 -1.30079
671 -1.30935
672 -1.31438
673 -1.31199
674 -1.29927
675 -1.27912
676 -1.26138
677 -1.25468
678 -1.2598
679 -1.27253
680 -1.2884
681 -1.30369
682 -1.31397
683 -1.31287
684 -1.29542
685 -1.26744
686 -1.24621
687 -1.24256
688 -1.25323
689 -1.27042
690 -1.28831
691 -1.30241
692 -1.30734
693 -1.29742
694 -1.27331
695 -1.24783
696 -1.23528
697 -1.23765
698 -1.24856
699 -1.2619
700 -1.27426
701 -1.28382
702 -1.28925
703 -1.28946
704 -1.28428
705 -1.27544
706 -1.2665
707 -1.26089
708 -1.25997
709 -1.26297
710 -1.2682
711 -1.27409
712 -1.27948
713 -1.28361
714 -1.28603
715 -1.28658
716 -1.2855
717 -1.28355
718 -1.28188
719 -1.28169
720 -1.28392
721 -1.28899
722 -1.29684
723 -1.30693
724 -1.31782
725 -1.32613
726 -1.32534
727 -1.30796
728 -1.27618
729 -1.24828
730 -1.24032
731 -1.25096
732 -1.27152
733 -1.2956
734 -1.31869
735 -1.33332
736 -1.32482
737 -1.28246
738 -1.23058
739 -1.2083
740 -1.2163
741 -1.23576
742 -1.25506
743 -1.27012
744 -1.27966
745 -1.28313
746 -1.28073
747 -1.27419
748 -1.2668
749 -1.26193
750 -1.26122
751 -1.26423
752 -1.26949
753 -1.27542
754 -1.28076
755 -1.28453
756 -1.28607
757 -1.28514
758 -1.28214
759 -1.27823
760 -1.27501
761 -1.27389
762 -1.27558
763 -1.28007
764 -1.28683
765 -1.29511
766 -1.3038
767 -1.31112
768 -1.3141
769 -1.30896
770 -1.29404
771 -1.27411
772 -1.25913
773 -1.25562
774 -1.26276
775 -1.27627
776 -1.29217
777 -1.307
778 -1.31614
779 -1.31294
780 -1.293
781 -1.26414
782 -1.24443
783 -1.24296
784 -1.25499
785 -1.27259
786 -1.29009
787 -1.30299
788 -1.30586
789 -1.29375
790 -1.2693
791 -1.24618
792 -1.23673
793 -1.24108
794 -1.25279
795 -1.26633
796 -1.27856
797 -1.28758
798 -1.29177
799 -1.28983
800 -1.28193
801 -1.27091
802 -1.2614
803 -1.25683
804 -1.25767
805 -1.26227
806 -1.26858
807 -1.27499
808 -1.28047
809 -1.28437
810 -1.28632
811 -1.28627
812 -1.28466
813 -1.2824
814 -1.28076
815 -1.2809
816 -1.28356
817 -1.28893
818 -1.29667
819 -1.30591
820 -1.31487
821 -1.32006
822 -1.31608
823 -1.29889
824 -1.27335
825 -1.25369
826 -1.24988
827 -1.26045
828 -1.27944
829 -1.30204
830 -1.32395
831 -1.3368
832 -1.32446
833 -1.27742
834 -1.22541
835 -1.20712
836 -1.21854
837 -1.23991
838 -1.26034
839 -1.27607
840 -1.28551
841 -1.28751
842 -1.28198
843 -1.2715
844 -1.26115
845 -1.25543
846 -1.25557
847 -1.26
848 -1.26639
849 -1.27283
850 -1.27811
851 -1.2815
852 -1.2827
853 -1.28183
854 -1.27959
855 -1.2771
856 -1.2756
857 -1.27602
858 -1.27877
859 -1.28375
860 -1.29051
861 -1.29834
862 -1.30609
863 -1.31179
864 -1.31234
865 -1.30451
866 -1.28827
867 -1.26985
868 -1.2583
869 -1.25785
870 -1.26663
871 -1.28067
872 -1.29656
873 -1.31099
874 -1.31902
875 -1.31346
876 -1.29045
877 -1.26015
878 -1.24178
879 -1.24257
880 -1.25609
881 -1.27415
882 -1.29124
883 -1.30286
884 -1.30376
885 -1.29003
886 -1.2661
887 -1.24572
888 -1.23907
889 -1.24496
890 -1.25718
891 -1.27072
892 -1.28264
893 -1.29085
894 -1.2934
895 -1.28891
896 -1.27829
897 -1.26574
898 -1.25667
899 -1.2539
900 -1.25676
901 -1.26289
902 -1.27011
903 -1.27691
904 -1.28236
905 -1.28588
906 -1.28712
907 -1.28615
908 -1.28359
909 -1.28066
910 -1.2788
911 -1.27914
912 -1.28219
913 -1.28779
914 -1.29527
915 -1.30342
916 -1.31027
917 -1.31265
918 -1.30685
919 -1.29175
920 -1.27285
921 -1.26011
922 -1.25941
923 -1.2697
924 -1.28712
925 -1.30816
926 -1.3286
927 -1.33923
928 -1.32293
929 -1.27237
930 -1.22181
931 -1.20764
932 -1.22196
933 -1.24497
934 -1.26661
935 -1.28323
936 -1.29263
937 -1.29258
938 -1.28251
939 -1.26661
940 -1.25293
941 -1.24716
942 -1.24915
943 -1.2556
944 -1.26331
945 -1.27029
946 -1.27556
947 -1.27875
948 -1.27989
949 -1.27941
950 -1.27808
951 -1.27689
952 -1.27676
953 -1.27831
954 -1.28176
955 -1.28698
956 -1.29354
957 -1.30072
958 -1.30726
959 -1.311
960 -1.309
961 -1.29901
962 -1.2827
963 -1.26694
964 -1.25905
965 -1.26125
966 -1.27119
967 -1.2855
968 -1.30126
969 -1.31525
970 -1.32206
971 -1.31384
972 -1.28742
973 -1.25572
974 -1.23895
975 -1.24212
976 -1.25714
977 -1.27564
978 -1.29232
979 -1.30272
980 -1.30181
981 -1.28677
982 -1.26354
983 -1.24567
984 -1.24143
985 -1.24862
986 -1.26128
987 -1.2748
988 -1.28629
989 -1.29343
990 -1.29396
991 -1.28667
992 -1.27362
993 -1.26046
994 -1.25278
995 -1.25227
996 -1.25711
997 -1.26455
998 -1.27244
999 -1.27944