-1 -1.28714
0 -1.28714
1 -1.28726
2 -1.28734
3 -1.28737
4 -1.28732
5 -1.28718
6 -1.28703
7 -1.28693
8 -1.28692
9 -1.28698
10 -1.28708
11 -1.2872
12 -1.2873
13 -1.28737
14 -1.28736
15 -1.28726
16 -1.28711
17 -1.28697
18 -1.28691
19 -1.28693
20 -1.28702
21 -1.28713
22 -1.28725
23 -1.28734
24 -1.28737
25 -1.28732
26 -1.28719
27 -1.28704
28 -1.28693
29 -1.28691
30 -1.28697
31 -1.28707
32 -1.28719
33 -1.28729
34 -1.28736
35 -1.28736
36 -1.28727
37 -1.28712
38 -1.28698
39 -1.28692
40 -1.28693
41 -1.28701
42 -1.28712
43 -1.28724
44 -1.28733
45 -1.28737
46 -1.28733
47 -1.28721
48 -1.28705
49 -1.28694
50 -1.28691
51 -1.28696
52 -1.28706
53 -1.28718
54 -1.28729
55 -1.28736
56 -1.28737
57 -1.28729
58 -1.28714
59 -1.28699
60 -1.28691
61 -1.28692
62 -1.287
63 -1.28711
64 -1.28723
65 -1.28732
66 -1.28737
67 -1.28734
68 -1.28722
69 -1.28706
70 -1.28694
71 -1.28691
72 -1.28696
73 -1.28705
74 -1.28717
75 -1.28728
76 -1.28735
77 -1.28737
78 -1.28729
79 -1.28715
80 -1.287
81 -1.28692
82 -1.28692
83 -1.287
84 -1.2871
85 -1.28722
86 -1.28732
87 -1.28737
88 -1.28735
89 -1.28723
90 -1.28708
91 -1.28695
92 -1.28691
93 -1.28695
94 -1.28704
95 -1.28716
96 -1.28727
97 -1.28735
98 -1.28737
99 -1.28731
100 -1.28717
101 -1.28701
102 -1.28692
103 -1.28692
104 -1.28699
105 -1.28709
106 -1.28721
107 -1.28731
108 -1.28737
109 -1.28735
110 -1.28725
111 -1.28709
112 -1.28696
113 -1.28691
114 -1.28694
115 -1.28703
116 -1.28715
117 -1.28726
118 -1.28735
119 -1.28737
120 -1.28731
121 -1.28718
122 -1.28702
123 -1.28692
124 -1.28691
125 -1.28698
126 -1.28708
127 -1.2872
128 -1.2873
129 -1.28736
130 -1.28735
131 -1.28726
132 -1.2871
133 -1.28697
134 -1.28691
135 -1.28694
136 -1.28702
137 -1.28714
138 -1.28725
139 -1.28734
140 -1.28737
141 -1.28732
142 -1.28719
143 -1.28704
144 -1.28693
145 -1.28691
146 -1.28697
147 -1.28707
148 -1.28719
149 -1.2873
150 -1.28737
151 -1.28736
152 -1.28727
153 -1.28712
154 -1.28698
155 -1.28691
156 -1.28693
157 -1.28701
158 -1.28713
159 -1.28724
160 -1.28733
161 -1.28737
162 -1.28733
163 -1.2872
164 -1.28705
165 -1.28694
166 -1.28691
167 -1.28696
168 -1.28706
169 -1.28718
170 -1.28729
171 -1.28736
172 -1.28736
173 -1.28728
174 -1.28713
175 -1.28699
176 -1.28691
177 -1.28693
178 -1.28701
179 -1.28712
180 -1.28723
181 -1.28733
182 -1.28737
183 -1.28734
184 -1.28722
185 -1.28706
186 -1.28694
187 -1.28691
188 -1.28696
189 -1.28705
190 -1.28717
191 -1.28728
192 -1.28736
193 -1.28737
194 -1.28729
195 -1.28715
196 -1.287
197 -1.28692
198 -1.28692
199 -1.287
200 -1.28711
201 -1.28722
202 -1.28732
203 -1.28737
204 -1.28735
205 -1.28723
206 -1.28707
207 -1.28695
208 -1.28691
209 -1.28695
210 -1.28704
211 -1.28716
212 -1.28727
213 -1.28735
214 -1.28737
215 -1.2873
216 -1.28716
217 -1.28701
218 -1.28692
219 -1.28692
220 -1.28699
221 -1.28709
222 -1.28721
223 -1.28731
224 -1.28737
225 -1.28735
226 -1.28724
227 -1.28709
228 -1.28696
229 -1.28691
230 -1.28695
231 -1.28704
232 -1.28715
233 -1.28726
234 -1.28735
235 -1.28737
236 -1.28731
237 -1.28717
238 -1.28702
239 -1.28693
240 -1.28692
241 -1.28698
242 -1.28709
243 -1.2872
244 -1.28731
245 -1.28737
246 -1.28736
247 -1.28726
248 -1.2871
249 -1.28697
250 -1.28691
251 -1.28694
252 -1.28702
253 -1.28714
254 -1.28725
255 -1.28734
256 -1.28737
257 -1.28732
258 -1.28719
259 -1.28703
260 -1.28693
261 -1.28691
262 -1.28697
263 -1.28708
264 -1.28719
265 -1.2873
266 -1.28736
267 -1.28736
268 -1.28726
269 -1.28711
270 -1.28697
271 -1.28691
272 -1.28693
273 -1.28702
274 -1.28713
275 -1.28724
276 -1.28733
277 -1.28737
278 -1.28733
279 -1.2872
280 -1.28704
281 -1.28694
282 -1.28691
283 -1.28697
284 -1.28707
285 -1.28718
286 -1.28729
287 -1.28736
288 -1.28736
289 -1.28728
290 -1.28713
291 -1.28699
292 -1.28692
293 -1.28693
294 -1.28701
295 -1.28712
296 -1.28724
297 -1.28733
298 -1.28737
299 -1.28734
300 -1.28722
301 -1.28706
302 -1.28694
303 -1.28691
304 -1.28696
305 -1.28706
306 -1.28717
307 -1.28728
308 -1.28736
309 -1.28737
310 -1.28729
311 -1.28714
312 -1.28699
313 -1.28691
314 -1.28692
315 -1.287
316 -1.28711
317 -1.28722
318 -1.28732
319 -1.28737
320 -1.28734
321 -1.28722
322 -1.28707
323 -1.28695
324 -1.28691
325 -1.28695
326 -1.28705
327 -1.28716
328 -1.28727
329 -1.28735
330 -1.28737
331 -1.2873
332 -1.28716
333 -1.28701
334 -1.28692
335 -1.28692
336 -1.28699
337 -1.2871
338 -1.28722
339 -1.28732
340 -1.28737
341 -1.28735
342 -1.28724
343 -1.28709
344 -1.28696
345 -1.28691
346 -1.28695
347 -1.28704
348 -1.28715
349 -1.28726
350 -1.28735
351 -1.28737
352 -1.28731
353 -1.28717
354 -1.28702
355 -1.28692
356 -1.28692
357 -1.28698
358 -1.28709
359 -1.28721
360 -1.28731
361 -1.28737
362 -1.28735
363 -1.28725
364 -1.28709
365 -1.28696
366 -1.28691
367 -1.28694
368 -1.28703
369 -1.28714
370 -1.28726
371 -1.28734
372 -1.28737
373 -1.28732
374 -1.28718
375 -1.28703
376 -1.28693
377 -1.28692
378 -1.28698
379 -1.28708
380 -1.28719
381 -1.2873
382 -1.28736
383 -1.28736
384 -1.28726
385 -1.28711
386 -1.28698
387 -1.28691
388 -1.28694
389 -1.28702
390 -1.28713
391 -1.28725
392 -1.28734
393 -1.28737
394 -1.28733
395 -1.2872
396 -1.28704
397 -1.28693
398 -1.28691
399 -1.28697
400 -1.28707
401 -1.28719
402 -1.28729
403 -1.28736
404 -1.28736
405 -1.28728
406 -1.28712
407 -1.28698
408 -1.28691
409 -1.28693
410 -1.28701
411 -1.28712
412 -1.28724
413 -1.28733
414 -1.28737
415 -1.28733
416 -1.28721
417 -1.28705
418 -1.28694
419 -1.28691
420 -1.28696
421 -1.28706
422 -1.28718
423 -1.28728
424 -1.28736
425 -1.28736
426 -1.28728
427 -1.28714
428 -1.28699
429 -1.28692
430 -1.28693
431 -1.287
432 -1.28711
433 -1.28723
434 -1.28732
435 -1.28737
436 -1.28734
437 -1.28723
438 -1.28707
439 -1.28695
440 -1.28691
441 -1.28695
442 -1.28705
443 -1.28717
444 -1.28728
445 -1.28735
446 -1.28737
447 -1.2873
448 -1.28715
449 -1.287
450 -1.28692
451 -1.28692
452 -1.28699
453 -1.2871
454 -1.28722
455 -1.28732
456 -1.28737
457 -1.28735
458 -1.28723
459 -1.28708
460 -1.28695
461 -1.28691
462 -1.28695
463 -1.28704
464 -1.28715
465 -1.28727
466 -1.28735
467 -1.28737
468 -1.2873
469 -1.28716
470 -1.28701
471 -1.28692
472 -1.28692
473 -1.28699
474 -1.28709
475 -1.28721
476 -1.28731
477 -1.28737
478 -1.28735
479 -1.28725
480 -1.28709
481 -1.28696
482 -1.28691
483 -1.28694
484 -1.28703
485 -1.28715
486 -1.28726
487 -1.28735
488 -1.28737
489 -1.28732
490 -1.28718
491 -1.28703
492 -1.28693
493 -1.28691
494 -1.28698
495 -1.28708
496 -1.2872
497 -1.2873
498 -1.28737
499 -1.28736
500 -1.28726
501 -1.28711
502 -1.28697
503 -1.28691
504 -1.28693
505 -1.28702
506 -1.28713
507 -1.28725
508 -1.28734
509 -1.28737
510 -1.28732
511 -1.28719
512 -1.28704
513 -1.28693
514 -1.28691
515 -1.28697
516 -1.28707
517 -1.28719
518 -1.28729
519 -1.28736
520 -1.28736
521 -1.28727
522 -1.28712
523 -1.28698
524 -1.28691
525 -1.28693
526 -1.28701
527 -1.28713
528 -1.28724
529 -1.28733
530 -1.28737
531 -1.28733
532 -1.28721
533 -1.28705
534 -1.28694
535 -1.28691
536 -1.28696
537 -1.28706
538 -1.28718
539 -1.28729
540 -1.28736
541 -1.28737
542 -1.28728
543 -1.28714
544 -1.28699
545 -1.28691
546 -1.28693
547 -1.287
548 -1.28712
549 -1.28723
550 -1.28733
551 -1.28737
552 -1.28734
553 -1.28722
554 -1.28706
555 -1.28694
556 -1.28691
557 -1.28695
558 -1.28705
559 -1.28717
560 -1.28728
561 -1.28735
562 -1.28737
563 -1.28729
564 -1.28715
565 -1.287
566 -1.28692
567 -1.28692
568 -1.287
569 -1.2871
570 -1.28722
571 -1.28732
572 -1.28737
573 -1.28734
574 -1.28723
575 -1.28708
576 -1.28695
577 -1.28691
578 -1.28695
579 -1.28704
580 -1.28716
581 -1.28727
582 -1.28735
583 -1.28737
584 -1.2873
585 -1.28716
586 -1.28701
587 -1.28692
588 -1.28692
589 -1.28699
590 -1.28709
591 -1.28721
592 -1.28731
593 -1.28737
594 -1.28735
595 -1.28725
596 -1.28709
597 -1.28696
598 -1.28691
599 -1.28694
600 -1.28703
601 -1.28715
602 -1.28726
603 -1.28735
604 -1.28737
605 -1.28731
606 -1.28717
607 -1.28702
608 -1.28692
609 -1.28692
610 -1.28698
611 -1.28708
612 -1.2872
613 -1.2873
614 -1.28737
615 -1.28735
616 -1.28725
617 -1.2871
618 -1.28697
619 -1.28691
620 -1.28694
621 -1.28703
622 -1.28714
623 -1.28725
624 -1.28734
625 -1.28737
626 -1.28732
627 -1.28719
628 -1.28704
629 -1.28693
630 -1.28692
631 -1.28697
632 -1.28707
633 -1.28719
634 -1.2873
635 -1.28736
636 -1.28736
637 -1.28727
638 -1.28712
639 -1.28698
640 -1.28691
641 -1.28693
642 -1.28702
643 -1.28713
644 -1.28724
645 -1.28734
646 -1.28737
647 -1.28733
648 -1.2872
649 -1.28704
650 -1.28693
651 -1.28691
652 -1.28696
653 -1.28706
654 -1.28718
655 -1.28729
656 -1.28736
657 -1.28736
658 -1.28728
659 -1.28713
660 -1.28698
661 -1.28691
662 -1.28693
663 -1.28701
664 -1.28712
665 -1.28723
666 -1.28733
667 -1.28737
668 -1.28733
669 -1.28721
670 -1.28706
671 -1.28694
672 -1.28691
673 -1.28696
674 -1.28706
675 -1.28717
676 -1.28728
677 -1.28736
678 -1.28737
679 -1.28729
680 -1.28715
681 -1.287
682 -1.28692
683 -1.28692
684 -1.287
685 -1.28711
686 -1.28722
687 -1.28732
688 -1.28737
689 -1.28735
690 -1.28723
691 -1.28707
692 -1.28695
693 -1.28691
694 -1.28695
695 -1.28704
696 -1.28716
697 -1.28727
698 -1.28735
699 -1.28737
700 -1.2873
701 -1.28716
702 -1.28701
703 -1.28692
704 -1.28692
705 -1.28699
706 -1.2871
707 -1.28721
708 -1.28731
709 -1.28737
710 -1.28735
711 -1.28724
712 -1.28708
713 -1.28696
714 -1.28691
715 -1.28695
716 -1.28704
717 -1.28715
718 -1.28726
719 -1.28735
720 -1.28737
721 -1.28731
722 -1.28717
723 -1.28702
724 -1.28693
725 -1.28692
726 -1.28698
727 -1.28709
728 -1.2872
729 -1.28731
730 -1.28737
731 -1.28735
732 -1.28725
733 -1.2871
734 -1.28697
735 -1.28691
736 -1.28694
737 -1.28703
738 -1.28714
739 -1.28726
740 -1.28734
741 -1.28737
742 -1.28732
743 -1.28719
744 -1.28703
745 -1.28693
746 -1.28691
747 -1.28697
748 -1.28708
749 -1.28719
750 -1.2873
751 -1.28737
752 -1.28736
753 -1.28726
754 -1.28711
755 -1.28697
756 -1.28691
757 -1.28693
758 -1.28702
759 -1.28713
760 -1.28724
761 -1.28733
762 -1.28737
763 -1.28732
764 -1.2872
765 -1.28704
766 -1.28694
767 -1.28692
768 -1.28697
769 -1.28707
770 -1.28718
771 -1.28729
772 -1.28736
773 -1.28736
774 -1.28728
775 -1.28713
776 -1.28699
777 -1.28691
778 -1.28693
779 -1.28701
780 -1.28712
781 -1.28724
782 -1.28733
783 -1.28737
784 -1.28734
785 -1.28721
786 -1.28706
787 -1.28694
788 -1.28691
789 -1.28696
790 -1.28706
791 -1.28717
792 -1.28728
793 -1.28736
794 -1.28737
795 -1.28729
796 -1.28714
797 -1.28699
798 -1.28691
799 -1.28692
800 -1.287
801 -1.28711
802 -1.28723
803 -1.28732
804 -1.28737
805 -1.28734
806 -1.28722
807 -1.28707
808 -1.28695
809 -1.28691
810 -1.28695
811 -1.28705
812 -1.28716
813 -1.28727
814 -1.28735
815 -1.28737
816 -1.2873
817 -1.28715
818 -1.28701
819 -1.28692
820 -1.28692
821 -1.28699
822 -1.2871
823 -1.28722
824 -1.28732
825 -1.28737
826 -1.28735
827 -1.28724
828 -1.28708
829 -1.28696
830 -1.28691
831 -1.28695
832 -1.28704
833 -1.28715
834 -1.28727
835 -1.28735
836 -1.28737
837 -1.28731
838 -1.28717
839 -1.28701
840 -1.28692
841 -1.28692
842 -1.28698
843 -1.28709
844 -1.28721
845 -1.28731
846 -1.28737
847 -1.28735
848 -1.28725
849 -1.28709
850 -1.28696
851 -1.28691
852 -1.28694
853 -1.28703
854 -1.28714
855 -1.28726
856 -1.28734
857 -1.28737
858 -1.28731
859 -1.28718
860 -1.28703
861 -1.28693
862 -1.28692
863 -1.28698
864 -1.28708
865 -1.2872
866 -1.2873
867 -1.28737
868 -1.28736
869 -1.28726
870 -1.28711
871 -1.28697
872 -1.28691
873 -1.28694
874 -1.28702
875 -1.28713
876 -1.28725
877 -1.28734
878 -1.28737
879 -1.28733
880 -1.2872
881 -1.28704
882 -1.28693
883 -1.28691
884 -1.28697
885 -1.28707
886 -1.28719
887 -1.28729
888 -1.28736
889 -1.28736
890 -1.28727
891 -1.28712
892 -1.28698
893 -1.28691
894 -1.28693
895 -1.28701
896 -1.28712
897 -1.28724
898 -1.28733
899 -1.28737
900 -1.28733
901 -1.28721
902 -1.28705
903 -1.28694
904 -1.28691
905 -1.28696
906 -1.28706
907 -1.28718
908 -1.28728
909 -1.28736
910 -1.28736
911 -1.28728
912 -1.28714
913 -1.28699
914 -1.28692
915 -1.28693
916 -1.287
917 -1.28711
918 -1.28723
919 -1.28732
920 -1.28737
921 -1.28734
922 -1.28722
923 -1.28707
924 -1.28695
925 -1.28691
926 -1.28696
927 -1.28705
928 -1.28717
929 -1.28728
930 -1.28736
931 -1.28737
932 -1.2873
933 -1.28715
934 -1.287
935 -1.28692
936 -1.28692
937 -1.28699
938 -1.2871
939 -1.28722
940 -1.28732
941 -1.28737
942 -1.28735
943 -1.28723
944 -1.28708
945 -1.28695
946 -1.28691
947 -1.28695
948 -1.28704
949 -1.28716
950 -1.28727
951 -1.28735
952 -1.28737
953 -1.2873
954 -1.28716
955 -1.28701
956 -1.28692
957 -1.28692
958 -1.28699
959 -1.28709
960 -1.28721
961 -1.28731
962 -1.28737
963 -1.28735
964 -1.28725
965 -1.28709
966 -1.28696
967 -1.28691
968 -1.28694
969 -1.28703
970 -1.28715
971 -1.28726
972 -1.28735
973 -1.28737
974 -1.28732
975 -1.28718
976 -1.28703
977 -1.28693
978 -1.28692
979 -1.28698
980 -1.28708
981 -1.2872
982 -1.2873
983 -1.28737
984 -1.28736
985 -1.28726
986 -1.2871
987 -1.28697
988 -1.28691
989 -1.28694
990 -1.28702
991 -1.28714
992 -1.28725
993 -1.28734
994 -1.28737
995 -1.28732
996 -1.28719
997 -1.28703
998 -1.28693
999 -1.28691