-1 -1.28714
0 -1.28714
1 -1.28715
2 -1.28716
3 -1.28717
4 -1.28716
5 -1.28715
6 -1.28713
7 -1.28712
8 -1.28712
9 -1.28713
10 -1.28714
11 -1.28715
12 -1.28716
13 -1.28716
14 -1.28716
15 -1.28715
16 -1.28714
17 -1.28713
18 -1.28712
19 -1.28712
20 -1.28713
21 -1.28714
22 -1.28715
23 -1.28716
24 -1.28717
25 -1.28716
26 -1.28715
27 -1.28713
28 -1.28712
29 -1.28712
30 -1.28712
31 -1.28713
32 -1.28715
33 -1.28716
34 -1.28716
35 -1.28716
36 -1.28716
37 -1.28714
38 -1.28713
39 -1.28712
40 -1.28712
41 -1.28713
42 -1.28714
43 -1.28715
44 -1.28716
45 -1.28717
46 -1.28716
47 -1.28715
48 -1.28713
49 -1.28712
50 -1.28712
51 -1.28712
52 -1.28713
53 -1.28715
54 -1.28716
55 -1.28716
56 -1.28716
57 -1.28716
58 -1.28714
59 -1.28713
60 -1.28712
61 -1.28712
62 -1.28713
63 -1.28714
64 -1.28715
65 -1.28716
66 -1.28717
67 -1.28716
68 -1.28715
69 -1.28713
70 -1.28712
71 -1.28712
72 -1.28712
73 -1.28713
74 -1.28714
75 -1.28716
76 -1.28716
77 -1.28716
78 -1.28716
79 -1.28714
80 -1.28713
81 -1.28712
82 -1.28712
83 -1.28713
84 -1.28714
85 -1.28715
86 -1.28716
87 -1.28716
88 -1.28716
89 -1.28715
90 -1.28714
91 -1.28712
92 -1.28712
93 -1.28712
94 -1.28713
95 -1.28714
96 -1.28715
97 -1.28716
98 -1.28716
99 -1.28716
100 -1.28714
101 -1.28713
102 -1.28712
103 -1.28712
104 -1.28713
105 -1.28714
106 -1.28715
107 -1.28716
108 -1.28716
109 -1.28716
110 -1.28715
111 -1.28714
112 -1.28712
113 -1.28712
114 -1.28712
115 -1.28713
116 -1.28714
117 -1.28715
118 -1.28716
119 -1.28717
120 -1.28716
121 -1.28715
122 -1.28713
123 -1.28712
124 -1.28712
125 -1.28713
126 -1.28714
127 -1.28715
128 -1.28716
129 -1.28716
130 -1.28716
131 -1.28715
132 -1.28714
133 -1.28712
134 -1.28712
135 -1.28712
136 -1.28713
137 -1.28714
138 -1.28715
139 -1.28716
140 -1.28717
141 -1.28716
142 -1.28715
143 -1.28713
144 -1.28712
145 -1.28712
146 -1.28712
147 -1.28713
148 -1.28715
149 -1.28716
150 -1.28716
151 -1.28716
152 -1.28716
153 -1.28714
154 -1.28713
155 -1.28712
156 -1.28712
157 -1.28713
158 -1.28714
159 -1.28715
160 -1.28716
161 -1.28717
162 -1.28716
163 -1.28715
164 -1.28713
165 -1.28712
166 -1.28712
167 -1.28712
168 -1.28713
169 -1.28715
170 -1.28716
171 -1.28716
172 -1.28716
173 -1.28716
174 -1.28714
175 -1.28713
176 -1.28712
177 -1.28712
178 -1.28713
179 -1.28714
180 -1.28715
181 -1.28716
182 -1.28717
183 -1.28716
184 -1.28715
185 -1.28713
186 -1.28712
187 -1.28712
188 -1.28712
189 -1.28713
190 -1.28714
191 -1.28716
192 -1.28716
193 -1.28716
194 -1.28716
195 -1.28714
196 -1.28713
197 -1.28712
198 -1.28712
199 -1.28713
200 -1.28714
201 -1.28715
202 -1.28716
203 -1.28716
204 -1.28716
205 -1.28715
206 -1.28714
207 -1.28712
208 -1.28712
209 -1.28712
210 -1.28713
211 -1.28714
212 -1.28715
213 -1.28716
214 -1.28716
215 -1.28716
216 -1.28714
217 -1.28713
218 -1.28712
219 -1.28712
220 -1.28713
221 -1.28714
222 -1.28715
223 -1.28716
224 -1.28716
225 -1.28716
226 -1.28715
227 -1.28714
228 -1.28712
229 -1.28712
230 -1.28712
231 -1.28713
232 -1.28714
233 -1.28715
234 -1.28716
235 -1.28717
236 -1.28716
237 -1.28715
238 -1.28713
239 -1.28712
240 -1.28712
241 -1.28713
242 -1.28714
243 -1.28715
244 -1.28716
245 -1.28716
246 -1.28716
247 -1.28715
248 -1.28714
249 -1.28712
250 -1.28712
251 -1.28712
252 -1.28713
253 -1.28714
254 -1.28715
255 -1.28716
256 -1.28717
257 -1.28716
258 -1.28715
259 -1.28713
260 -1.28712
261 -1.28712
262 -1.28713
263 -1.28714
264 -1.28715
265 -1.28716
266 -1.28716
267 -1.28716
268 -1.28715
269 -1.28714
270 -1.28713
271 -1.28712
272 -1.28712
273 -1.28713
274 -1.28714
275 -1.28715
276 -1.28716
277 -1.28717
278 -1.28716
279 -1.28715
280 -1.28713
281 -1.28712
282 -1.28712
283 -1.28712
284 -1.28713
285 -1.28715
286 -1.28716
287 -1.28716
288 -1.28716
289 -1.28716
290 -1.28714
291 -1.28713
292 -1.28712
293 -1.28712
294 -1.28713
295 -1.28714
296 -1.28715
297 -1.28716
298 -1.28717
299 -1.28716
300 -1.28715
301 -1.28713
302 -1.28712
303 -1.28712
304 -1.28712
305 -1.28713
306 -1.28714
307 -1.28716
308 -1.28716
309 -1.28716
310 -1.28716
311 -1.28714
312 -1.28713
313 -1.28712
314 -1.28712
315 -1.28713
316 -1.28714
317 -1.28715
318 -1.28716
319 -1.28716
320 -1.28716
321 -1.28715
322 -1.28714
323 -1.28712
324 -1.28712
325 -1.28712
326 -1.28713
327 -1.28714
328 -1.28716
329 -1.28716
330 -1.28716
331 -1.28716
332 -1.28714
333 -1.28713
334 -1.28712
335 -1.28712
336 -1.28713
337 -1.28714
338 -1.28715
339 -1.28716
340 -1.28716
341 -1.28716
342 -1.28715
343 -1.28714
344 -1.28712
3450 -1.28712
346 -1.28712
347 -1.28713
348 -1.28714
349 -1.28715
350 -1.28716
351 -1.28716
352 -1.28716
353 -1.28715
354 -1.28713
355 -1.28712
356 -1.28712
357 -1.28713
358 -1.28714
359 -1.28715
360 -1.28716
361 -1.28716
362 -1.28716
363 -1.28715
364 -1.28714
365 -1.28712
366 -1.28712
367 -1.28712
368 -1.28713
369 -1.28714
370 -1.28715
371 -1.28716
372 -1.28717
373 -1.28716
374 -1.28715
375 -1.28713
376 -1.28712
377 -1.28712
378 -1.28713
379 -1.28714
380 -1.28715
381 -1.28716
382 -1.28716
383 -1.28716
384 -1.28715
385 -1.28714
386 -1.28713
387 -1.28712
388 -1.28712
389 -1.28713
390 -1.28714
391 -1.28715
392 -1.28716
393 -1.28717
394 -1.28716
395 -1.28715
396 -1.28713
397 -1.28712
398 -1.28712
399 -1.28712
400 -1.28713
401 -1.28715
402 -1.28716
403 -1.28716
404 -1.28716
405 -1.28716
406 -1.28714
407 -1.28713
408 -1.28712
409 -1.28712
410 -1.28713
411 -1.28714
412 -1.28715
413 -1.28716
414 -1.28717
415 -1.28716
416 -1.28715
417 -1.28713
418 -1.28712
419 -1.28712
420 -1.28712
421 -1.28713
422 -1.28715
423 -1.28716
424 -1.28716
425 -1.28716
426 -1.28716
427 -1.28714
428 -1.28713
429 -1.28712
430 -1.28712
431 -1.28713
432 -1.28714
433 -1.28715
434 -1.28716
435 -1.28717
436 -1.28716
437 -1.28715
438 -1.28713
439 -1.28712
440 -1.28712
441 -1.28712
442 -1.28713
443 -1.28714
444 -1.28716
445 -1.28716
446 -1.28716
447 -1.28716
448 -1.28714
449 -1.28713
450 -1.28712
451 -1.28712
452 -1.28713
453 -1.28714
454 -1.28715
455 -1.28716
456 -1.28716
457 -1.28716
458 -1.28715
459 -1.28714
460 -1.28712
461 -1.28712
462 -1.28712
463 -1.28713
464 -1.28714
465 -1.28715
466 -1.28716
467 -1.28716
468 -1.28716
469 -1.28714
470 -1.28713
471 -1.28712
472 -1.28712
473 -1.28713
474 -1.28714
475 -1.28715
476 -1.28716
477 -1.28716
478 -1.28716
479 -1.28715
480 -1.28714
481 -1.28712
482 -1.28712
483 -1.28712
484 -1.28713
485 -1.28714
486 -1.28715
487 -1.28716
488 -1.28717
489 -1.28716
490 -1.28715
491 -1.28713
492 -1.28712
493 -1.28712
494 -1.28713
495 -1.28714
496 -1.28715
497 -1.28716
498 -1.28716
499 -1.28716
500 -1.28715
501 -1.28714
502 -1.28713
503 -1.28712
504 -1.28712
505 -1.28713
506 -1.28714
507 -1.28715
508 -1.28716
509 -1.28717
510 -1.28716
511 -1.28715
512 -1.28713
513 -1.28712
514 -1.28712
515 -1.28712
516 -1.28713
517 -1.28715
518 -1.28716
519 -1.28716
520 -1.28716
521 -1.28716
522 -1.28714
523 -1.28713
524 -1.28712
525 -1.28712
526 -1.28713
527 -1.28714
528 -1.28715
529 -1.28716
530 -1.28717
531 -1.28716
532 -1.28715
533 -1.28713
534 -1.28712
535 -1.28712
536 -1.28712
537 -1.28713
538 -1.28715
539 -1.28716
540 -1.28716
541 -1.28716
542 -1.28716
543 -1.28714
544 -1.28713
545 -1.28712
546 -1.28712
547 -1.28713
548 -1.28714
549 -1.28715
550 -1.28716
551 -1.28717
552 -1.28716
553 -1.28715
554 -1.28713
555 -1.28712
556 -1.28712
557 -1.28712
558 -1.28713
559 -1.28714
560 -1.28716
561 -1.28716
562 -1.28716
563 -1.28716
564 -1.28714
565 -1.28713
566 -1.28712
567 -1.28712
568 -1.28713
569 -1.28714
570 -1.28715
571 -1.28716
572 -1.28716
573 -1.28716
574 -1.28715
575 -1.28714
576 -1.28712
577 -1.28712
578 -1.28712
579 -1.28713
580 -1.28714
581 -1.28715
582 -1.28716
583 -1.28716
584 -1.28716
585 -1.28714
586 -1.28713
587 -1.28712
588 -1.28712
589 -1.28713
590 -1.28714
591 -1.28715
592 -1.28716
593 -1.28716
594 -1.28716
595 -1.28715
596 -1.28714
597 -1.28712
598 -1.28712
599 -1.28712
600 -1.28713
601 -1.28714
602 -1.28715
603 -1.28716
604 -1.28717
605 -1.28716
606 -1.28715
607 -1.28713
608 -1.28712
609 -1.28712
610 -1.28713
611 -1.28714
612 -1.28715
613 -1.28716
614 -1.28716
615 -1.28716
616 -1.28715
617 -1.28714
618 -1.28712
619 -1.28712
620 -1.28712
621 -1.28713
622 -1.28714
623 -1.28715
624 -1.28716
625 -1.28717
626 -1.28716
627 -1.28715
628 -1.28713
629 -1.28712
630 -1.28712
631 -1.28712
632 -1.28714
633 -1.28715
634 -1.28716
635 -1.28716
636 -1.28716
637 -1.28715
638 -1.28714
639 -1.28713
640 -1.28712
641 -1.28712
642 -1.28713
643 -1.28714
644 -1.28715
645 -1.28716
646 -1.28717
647 -1.28716
648 -1.28715
649 -1.28713
650 -1.28712
651 -1.28712
652 -1.28712
653 -1.28713
654 -1.28715
655 -1.28716
656 -1.28716
657 -1.28716
658 -1.28716
659 -1.28714
660 -1.28713
661 -1.28712
662 -1.28712
663 -1.28713
664 -1.28714
665 -1.28715
666 -1.28716
667 -1.28717
668 -1.28716
669 -1.28715
670 -1.28713
671 -1.28712
672 -1.28712
673 -1.28712
674 -1.28713
675 -1.28714
676 -1.28716
677 -1.28716
678 -1.28716
679 -1.28716
680 -1.28714
681 -1.28713
682 -1.28712
683 -1.28712
684 -1.28713
685 -1.28714
686 -1.28715
687 -1.28716
688 -1.28716
689 -1.28716
690 -1.28715
691 -1.28714
692 -1.28712
693 -1.28712
694 -1.28712
695 -1.28713
696 -1.28714
697 -1.28715
698 -1.28716
699 -1.28716
700 -1.28716
701 -1.28714
702 -1.28713
703 -1.28712
704 -1.28712
705 -1.28713
706 -1.28714
707 -1.28715
708 -1.28716
709 -1.28716
710 -1.28716
711 -1.28715
712 -1.28714
713 -1.28712
714 -1.28712
715 -1.28712
716 -1.28713
717 -1.28714
718 -1.28715
719 -1.28716
720 -1.28716
721 -1.28716
722 -1.28715
723 -1.28713
724 -1.28712
725 -1.28712
726 -1.28713
727 -1.28714
728 -1.28715
729 -1.28716
730 -1.28716
731 -1.28716
732 -1.28715
733 -1.28714
734 -1.28712
735 -1.28712
736 -1.28712
737 -1.28713
738 -1.28714
739 -1.28715
740 -1.28716
741 -1.28717
742 -1.28716
743 -1.28715
744 -1.28713
745 -1.28712
746 -1.28712
747 -1.28713
748 -1.28714
749 -1.28715
750 -1.28716
751 -1.28716
752 -1.28716
753 -1.28715
754 -1.28714
755 -1.28713
756 -1.28712
757 -1.28712
758 -1.28713
759 -1.28714
760 -1.28715
761 -1.28716
762 -1.28717
763 -1.28716
764 -1.28715
765 -1.28713
766 -1.28712
767 -1.28712
768 -1.28712
769 -1.28713
770 -1.28715
771 -1.28716
772 -1.28716
773 -1.28716
774 -1.28716
775 -1.28714
776 -1.28713
777 -1.28712
778 -1.28712
779 -1.28713
780 -1.28714
781 -1.28715
782 -1.28716
783 -1.28717
784 -1.28716
785 -1.28715
786 -1.28713
787 -1.28712
788 -1.28712
789 -1.28712
790 -1.28713
791 -1.28715
792 -1.28716
793 -1.28716
794 -1.28716
795 -1.28716
796 -1.28714
797 -1.28713
798 -1.28712
799 -1.28712
800 -1.28713
801 -1.28714
802 -1.28715
803 -1.28716
804 -1.28717
805 -1.28716
806 -1.28715
807 -1.28713
808 -1.28712
809 -1.28712
810 -1.28712
811 -1.28713
812 -1.28714
813 -1.28716
814 -1.28716
815 -1.28716
816 -1.28716
817 -1.28714
818 -1.28713
819 -1.28712
820 -1.28712
821 -1.28713
822 -1.28714
823 -1.28715
824 -1.28716
825 -1.28716
826 -1.28716
827 -1.28715
828 -1.28714
829 -1.28712
830 -1.28712
831 -1.28712
832 -1.28713
833 -1.28714
834 -1.28715
835 -1.28716
836 -1.28716
837 -1.28716
838 -1.28714
839 -1.28713
840 -1.28712
841 -1.28712
842 -1.28713
843 -1.28714
844 -1.28715
845 -1.28716
846 -1.28716
847 -1.28716
848 -1.28715
849 -1.28714
850 -1.28712
851 -1.28712
852 -1.28712
853 -1.28713
854 -1.28714
855 -1.28715
856 -1.28716
857 -1.28717
858 -1.28716
859 -1.28715
860 -1.28713
861 -1.28712
862 -1.28712
863 -1.28713
864 -1.28714
865 -1.28715
866 -1.28716
867 -1.28716
868 -1.28716
869 -1.28715
870 -1.28714
871 -1.28713
872 -1.28712
873 -1.28712
874 -1.28713
875 -1.28714
876 -1.28715
877 -1.28716
878 -1.28717
879 -1.28716
880 -1.28715
881 -1.28713
882 -1.28712
883 -1.28712
884 -1.28712
885 -1.28713
886 -1.28715
887 -1.28716
888 -1.28716
889 -1.28716
890 -1.28716
891 -1.28714
892 -1.28713
893 -1.28712
894 -1.28712
895 -1.28713
896 -1.28714
897 -1.28715
898 -1.28716
899 -1.28717
900 -1.28716
901 -1.28715
902 -1.28713
903 -1.28712
904 -1.28712
905 -1.28712
906 -1.28713
907 -1.28715
908 -1.28716
909 -1.28716
910 -1.28716
911 -1.28716
912 -1.28714
913 -1.28713
914 -1.28712
915 -1.28712
916 -1.28713
917 -1.28714
918 -1.28715
919 -1.28716
920 -1.28717
921 -1.28716
922 -1.28715
923 -1.28713
924 -1.28712
925 -1.28712
926 -1.28712
927 -1.28713
928 -1.28714
929 -1.28716
930 -1.28716
931 -1.28716
932 -1.28716
933 -1.28714
934 -1.28713
935 -1.28712
936 -1.28712
937 -1.28713
938 -1.28714
939 -1.28715
940 -1.28716
941 -1.28716
942 -1.28716
943 -1.28715
944 -1.28714
945 -1.28712
946 -1.28712
947 -1.28712
948 -1.28713
949 -1.28714
950 -1.28715
951 -1.28716
952 -1.28716
953 -1.28716
954 -1.28714
955 -1.28713
956 -1.28712
957 -1.28712
958 -1.28713
959 -1.28714
960 -1.28715
961 -1.28716
962 -1.28716
963 -1.28716
964 -1.28715
965 -1.28714
966 -1.28712
967 -1.28712
968 -1.28712
969 -1.28713
970 -1.28714
971 -1.28715
972 -1.28716
973 -1.28717
974 -1.28716
975 -1.28715
976 -1.28713
977 -1.28712
978 -1.28712
979 -1.28713
980 -1.28714
981 -1.28715
982 -1.28716
983 -1.28716
984 -1.28716
985 -1.28715
986 -1.28714
987 -1.28712
988 -1.28712
989 -1.28712
990 -1.28713
991 -1.28714
992 -1.28715
993 -1.28716
994 -1.28717
995 -1.28716
996 -1.28715
997 -1.28713
998 -1.28712
999 -1.28712