-1 -1.28714
0 -1.28714
1 -1.28714
2 -1.28714
3 -1.28714
4 -1.28714
5 -1.28714
6 -1.28714
7 -1.28714
8 -1.28714
9 -1.28714
10 -1.28714
11 -1.28714
12 -1.28714
13 -1.28714
14 -1.28714
15 -1.28714
16 -1.28714
17 -1.28714
18 -1.28714
19 -1.28714
20 -1.28714
21 -1.28714
22 -1.28714
23 -1.28714
24 -1.28714
25 -1.28714
26 -1.28714
27 -1.28714
28 -1.28714
29 -1.28714
30 -1.28714
31 -1.28714
32 -1.28714
33 -1.28714
34 -1.28714
35 -1.28714
36 -1.28714
37 -1.28714
38 -1.28714
39 -1.28714
40 -1.28714
41 -1.28714
42 -1.28714
43 -1.28714
44 -1.28714
45 -1.28714
46 -1.28714
47 -1.28714
48 -1.28714
49 -1.28714
50 -1.28714
51 -1.28714
52 -1.28714
53 -1.28714
54 -1.28714
55 -1.28714
56 -1.28714
57 -1.28714
58 -1.28714
59 -1.28714
60 -1.28714
61 -1.28714
62 -1.28714
63 -1.28714
64 -1.28714
65 -1.28714
66 -1.28714
67 -1.28714
68 -1.28714
69 -1.28714
70 -1.28714
71 -1.28714
72 -1.28714
73 -1.28714
74 -1.28714
75 -1.28714
76 -1.28714
77 -1.28714
78 -1.28714
79 -1.28714
80 -1.28714
81 -1.28714
82 -1.28714
83 -1.28714
84 -1.28714
85 -1.28714
86 -1.28714
87 -1.28714
88 -1.28714
89 -1.28714
90 -1.28714
91 -1.28714
92 -1.28714
93 -1.28714
94 -1.28714
95 -1.28714
96 -1.28714
97 -1.28714
98 -1.28714
99 -1.28714
100 -1.28714
101 -1.28714
102 -1.28714
103 -1.28714
104 -1.28714
105 -1.28714
106 -1.28714
107 -1.28714
108 -1.28714
109 -1.28714
110 -1.28714
111 -1.28714
112 -1.28714
113 -1.28714
114 -1.28714
115 -1.28714
116 -1.28714
117 -1.28714
118 -1.28714
119 -1.28714
120 -1.28714
121 -1.28714
122 -1.28714
123 -1.28714
124 -1.28714
125 -1.28714
126 -1.28714
127 -1.28714
128 -1.28714
129 -1.28714
130 -1.28714
131 -1.28714
132 -1.28714
133 -1.28714
134 -1.28714
135 -1.28714
136 -1.28714
137 -1.28714
138 -1.28714
139 -1.28714
140 -1.28714
141 -1.28714
142 -1.28714
143 -1.28714
144 -1.28714
145 -1.28714
146 -1.28714
147 -1.28714
148 -1.28714
149 -1.28714
150 -1.28714
151 -1.28714
152 -1.28714
153 -1.28714
154 -1.28714
155 -1.28714
156 -1.28714
157 -1.28714
158 -1.28714
159 -1.28714
160 -1.28714
161 -1.28714
162 -1.28714
163 -1.28714
164 -1.28714
165 -1.28714
166 -1.28714
167 -1.28714
168 -1.28714
169 -1.28714
170 -1.28714
171 -1.28714
172 -1.28714
173 -1.28714
174 -1.28714
175 -1.28714
176 -1.28714
177 -1.28714
178 -1.28714
179 -1.28714
180 -1.28714
181 -1.28714
182 -1.28714
183 -1.28714
184 -1.28714
185 -1.28714
186 -1.28714
187 -1.28714
188 -1.28714
189 -1.28714
190 -1.28714
191 -1.28714
192 -1.28714
193 -1.28714
194 -1.28714
195 -1.28714
196 -1.28714
197 -1.28714
198 -1.28714
199 -1.28714
200 -1.28714
201 -1.28714
202 -1.28714
203 -1.28714
204 -1.28714
205 -1.28714
206 -1.28714
207 -1.28714
208 -1.28714
209 -1.28714
210 -1.28714
211 -1.28714
212 -1.28714
213 -1.28714
214 -1.28714
215 -1.28714
216 -1.28714
217 -1.28714
218 -1.28714
219 -1.28714
220 -1.28714
221 -1.28714
222 -1.28714
223 -1.28714
224 -1.28714
225 -1.28714
226 -1.28714
227 -1.28714
228 -1.28714
229 -1.28714
230 -1.28714
231 -1.28714
232 -1.28714
233 -1.28714
234 -1.28714
235 -1.28714
236 -1.28714
237 -1.28714
238 -1.28714
239 -1.28714
240 -1.28714
241 -1.28714
242 -1.28714
243 -1.28714
244 -1.28714
245 -1.28714
246 -1.28714
247 -1.28714
248 -1.28714
249 -1.28714
250 -1.28714
251 -1.28714
252 -1.28714
253 -1.28714
254 -1.28714
255 -1.28714
256 -1.28714
257 -1.28714
258 -1.28714
259 -1.28714
260 -1.28714
261 -1.28714
262 -1.28714
263 -1.28714
264 -1.28714
265 -1.28714
266 -1.28714
267 -1.28714
268 -1.28714
269 -1.28714
270 -1.28714
271 -1.28714
272 -1.28714
273 -1.28714
274 -1.28714
275 -1.28714
276 -1.28714
277 -1.28714
278 -1.28714
279 -1.28714
280 -1.28714
281 -1.28714
282 -1.28714
283 -1.28714
284 -1.28714
285 -1.28714
286 -1.28714
287 -1.28714
288 -1.28714
289 -1.28714
290 -1.28714
291 -1.28714
292 -1.28714
293 -1.28714
294 -1.28714
295 -1.28714
296 -1.28714
297 -1.28714
298 -1.28714
299 -1.28714
300 -1.28714
301 -1.28714
302 -1.28714
303 -1.28714
304 -1.28714
305 -1.28714
306 -1.28714
307 -1.28714
308 -1.28714
309 -1.28714
310 -1.28714
311 -1.28714
312 -1.28714
313 -1.28714
314 -1.28714
315 -1.28714
316 -1.28714
317 -1.28714
318 -1.28714
319 -1.28714
320 -1.28714
321 -1.28714
322 -1.28714
323 -1.28714
324 -1.28714
325 -1.28714
326 -1.28714
327 -1.28714
328 -1.28714
329 -1.28714
330 -1.28714
331 -1.28714
332 -1.28714
333 -1.28714
334 -1.28714
335 -1.28714
336 -1.28714
337 -1.28714
338 -1.28714
339 -1.28714
340 -1.28714
341 -1.28714
342 -1.28714
343 -1.28714
344 -1.28714
345 -1.28714
346 -1.28714
347 -1.28714
348 -1.28714
349 -1.28714
350 -1.28714
351 -1.28714
352 -1.28714
353 -1.28714
354 -1.28714
355 -1.28714
356 -1.28714
357 -1.28714
358 -1.28714
359 -1.28714
360 -1.28714
361 -1.28714
362 -1.28714
363 -1.28714
364 -1.28714
365 -1.28714
366 -1.28714
367 -1.28714
368 -1.28714
369 -1.28714
370 -1.28714
371 -1.28714
372 -1.28714
373 -1.28714
374 -1.28714
375 -1.28714
376 -1.28714
377 -1.28714
378 -1.28714
379 -1.28714
380 -1.28714
381 -1.28714
382 -1.28714
383 -1.28714
384 -1.28714
385 -1.28714
386 -1.28714
387 -1.28714
388 -1.28714
389 -1.28714
390 -1.28714
391 -1.28714
392 -1.28714
393 -1.28714
394 -1.28714
395 -1.28714
396 -1.28714
397 -1.28714
398 -1.28714
399 -1.28714
400 -1.28714
401 -1.28714
402 -1.28714
403 -1.28714
404 -1.28714
405 -1.28714
406 -1.28714
407 -1.28714
408 -1.28714
409 -1.28714
410 -1.28714
411 -1.28714
412 -1.28714
413 -1.28714
414 -1.28714
415 -1.28714
416 -1.28714
417 -1.28714
418 -1.28714
419 -1.28714
420 -1.28714
421 -1.28714
422 -1.28714
423 -1.28714
424 -1.28714
425 -1.28714
426 -1.28714
427 -1.28714
428 -1.28714
429 -1.28714
430 -1.28714
431 -1.28714
432 -1.28714
433 -1.28714
434 -1.28714
435 -1.28714
436 -1.28714
437 -1.28714
438 -1.28714
439 -1.28714
440 -1.28714
441 -1.28714
442 -1.28714
443 -1.28714
444 -1.28714
445 -1.28714
446 -1.28714
447 -1.28714
448 -1.28714
449 -1.28714
450 -1.28714
451 -1.28714
452 -1.28714
453 -1.28714
454 -1.28714
455 -1.28714
456 -1.28714
457 -1.28714
458 -1.28714
459 -1.28714
460 -1.28714
461 -1.28714
462 -1.28714
463 -1.28714
464 -1.28714
465 -1.28714
466 -1.28714
467 -1.28714
468 -1.28714
469 -1.28714
470 -1.28714
471 -1.28714
472 -1.28714
473 -1.28714
474 -1.28714
475 -1.28714
476 -1.28714
477 -1.28714
478 -1.28714
479 -1.28714
480 -1.28714
481 -1.28714
482 -1.28714
483 -1.28714
484 -1.28714
485 -1.28714
486 -1.28714
487 -1.28714
488 -1.28714
489 -1.28714
490 -1.28714
491 -1.28714
492 -1.28714
493 -1.28714
494 -1.28714
495 -1.28714
496 -1.28714
497 -1.28714
498 -1.28714
499 -1.28714
500 -1.28714
501 -1.28714
502 -1.28714
503 -1.28714
504 -1.28714
505 -1.28714
506 -1.28714
507 -1.28714
508 -1.28714
509 -1.28714
510 -1.28714
511 -1.28714
512 -1.28714
513 -1.28714
514 -1.28714
515 -1.28714
516 -1.28714
517 -1.28714
518 -1.28714
519 -1.28714
520 -1.28714
521 -1.28714
522 -1.28714
523 -1.28714
524 -1.28714
525 -1.28714
526 -1.28714
527 -1.28714
528 -1.28714
529 -1.28714
530 -1.28714
531 -1.28714
532 -1.28714
533 -1.28714
534 -1.28714
535 -1.28714
536 -1.28714
537 -1.28714
538 -1.28714
539 -1.28714
540 -1.28714
541 -1.28714
542 -1.28714
543 -1.28714
544 -1.28714
545 -1.28714
546 -1.28714
547 -1.28714
548 -1.28714
549 -1.28714
550 -1.28714
551 -1.28714
552 -1.28714
553 -1.28714
554 -1.28714
555 -1.28714
556 -1.28714
557 -1.28714
558 -1.28714
559 -1.28714
560 -1.28714
561 -1.28714
562 -1.28714
563 -1.28714
564 -1.28714
565 -1.28714
566 -1.28714
567 -1.28714
568 -1.28714
569 -1.28714
570 -1.28714
571 -1.28714
572 -1.28714
573 -1.28714
574 -1.28714
575 -1.28714
576 -1.28714
577 -1.28714
578 -1.28714
579 -1.28714
580 -1.28714
581 -1.28714
582 -1.28714
583 -1.28714
584 -1.28714
585 -1.28714
586 -1.28714
587 -1.28714
588 -1.28714
589 -1.28714
590 -1.28714
591 -1.28714
592 -1.28714
593 -1.28714
594 -1.28714
595 -1.28714
596 -1.28714
597 -1.28714
598 -1.28714
599 -1.28714
600 -1.28714
601 -1.28714
602 -1.28714
603 -1.28714
604 -1.28714
605 -1.28714
606 -1.28714
607 -1.28714
608 -1.28714
609 -1.28714
610 -1.28714
611 -1.28714
612 -1.28714
613 -1.28714
614 -1.28714
615 -1.28714
616 -1.28714
617 -1.28714
618 -1.28714
619 -1.28714
620 -1.28714
621 -1.28714
622 -1.28714
623 -1.28714
624 -1.28714
625 -1.28714
626 -1.28714
627 -1.28714
628 -1.28714
629 -1.28714
630 -1.28714
631 -1.28714
632 -1.28714
633 -1.28714
634 -1.28714
635 -1.28714
636 -1.28714
637 -1.28714
638 -1.28714
639 -1.28714
640 -1.28714
641 -1.28714
642 -1.28714
643 -1.28714
644 -1.28714
645 -1.28714
646 -1.28714
647 -1.28714
648 -1.28714
649 -1.28714
650 -1.28714
651 -1.28714
652 -1.28714
653 -1.28714
654 -1.28714
655 -1.28714
656 -1.28714
657 -1.28714
658 -1.28714
659 -1.28714
660 -1.28714
661 -1.28714
662 -1.28714
663 -1.28714
664 -1.28714
665 -1.28714
666 -1.28714
667 -1.28714
668 -1.28714
669 -1.28714
670 -1.28714
671 -1.28714
672 -1.28714
673 -1.28714
674 -1.28714
675 -1.28714
676 -1.28714
677 -1.28714
678 -1.28714
679 -1.28714
680 -1.28714
681 -1.28714
682 -1.28714
683 -1.28714
684 -1.28714
685 -1.28714
686 -1.28714
687 -1.28714
688 -1.28714
689 -1.28714
690 -1.28714
691 -1.28714
692 -1.28714
693 -1.28714
694 -1.28714
695 -1.28714
696 -1.28714
697 -1.28714
698 -1.28714
699 -1.28714
700 -1.28714
701 -1.28714
702 -1.28714
703 -1.28714
704 -1.28714
705 -1.28714
706 -1.28714
707 -1.28714
708 -1.28714
709 -1.28714
710 -1.28714
711 -1.28714
712 -1.28714
713 -1.28714
714 -1.28714
715 -1.28714
716 -1.28714
717 -1.28714
718 -1.28714
719 -1.28714
720 -1.28714
721 -1.28714
722 -1.28714
723 -1.28714
724 -1.28714
725 -1.28714
726 -1.28714
727 -1.28714
728 -1.28714
729 -1.28714
730 -1.28714
731 -1.28714
732 -1.28714
733 -1.28714
734 -1.28714
735 -1.28714
736 -1.28714
737 -1.28714
738 -1.28714
739 -1.28714
740 -1.28714
741 -1.28714
742 -1.28714
743 -1.28714
744 -1.28714
745 -1.28714
746 -1.28714
747 -1.28714
748 -1.28714
749 -1.28714
750 -1.28714
751 -1.28714
752 -1.28714
753 -1.28714
754 -1.28714
755 -1.28714
756 -1.28714
757 -1.28714
758 -1.28714
759 -1.28714
760 -1.28714
761 -1.28714
762 -1.28714
763 -1.28714
764 -1.28714
765 -1.28714
766 -1.28714
767 -1.28714
768 -1.28714
769 -1.28714
770 -1.28714
771 -1.28714
772 -1.28714
773 -1.28714
774 -1.28714
775 -1.28714
776 -1.28714
777 -1.28714
778 -1.28714
779 -1.28714
780 -1.28714
781 -1.28714
782 -1.28714
783 -1.28714
784 -1.28714
785 -1.28714
786 -1.28714
787 -1.28714
788 -1.28714
789 -1.28714
790 -1.28714
791 -1.28714
792 -1.28714
793 -1.28714
794 -1.28714
795 -1.28714
796 -1.28714
797 -1.28714
798 -1.28714
799 -1.28714
800 -1.28714
801 -1.28714
802 -1.28714
803 -1.28714
804 -1.28714
805 -1.28714
806 -1.28714
807 -1.28714
808 -1.28714
809 -1.28714
810 -1.28714
811 -1.28714
812 -1.28714
813 -1.28714
814 -1.28714
815 -1.28714
816 -1.28714
817 -1.28714
818 -1.28714
819 -1.28714
820 -1.28714
821 -1.28714
822 -1.28714
823 -1.28714
824 -1.28714
825 -1.28714
826 -1.28714
827 -1.28714
828 -1.28714
829 -1.28714
830 -1.28714
831 -1.28714
832 -1.28714
833 -1.28714
834 -1.28714
835 -1.28714
836 -1.28714
837 -1.28714
838 -1.28714
839 -1.28714
840 -1.28714
841 -1.28714
842 -1.28714
843 -1.28714
844 -1.28714
845 -1.28714
846 -1.28714
847 -1.28714
848 -1.28714
849 -1.28714
850 -1.28714
851 -1.28714
852 -1.28714
853 -1.28714
854 -1.28714
855 -1.28714
856 -1.28714
857 -1.28714
858 -1.28714
859 -1.28714
860 -1.28714
861 -1.28714
862 -1.28714
863 -1.28714
864 -1.28714
865 -1.28714
866 -1.28714
867 -1.28714
868 -1.28714
869 -1.28714
870 -1.28714
871 -1.28714
872 -1.28714
873 -1.28714
874 -1.28714
875 -1.28714
876 -1.28714
877 -1.28714
878 -1.28714
879 -1.28714
880 -1.28714
881 -1.28714
882 -1.28714
883 -1.28714
884 -1.28714
885 -1.28714
886 -1.28714
887 -1.28714
888 -1.28714
889 -1.28714
890 -1.28714
891 -1.28714
892 -1.28714
893 -1.28714
894 -1.28714
895 -1.28714
896 -1.28714
897 -1.28714
898 -1.28714
899 -1.28714
900 -1.28714
901 -1.28714
902 -1.28714
903 -1.28714
904 -1.28714
905 -1.28714
906 -1.28714
907 -1.28714
908 -1.28714
909 -1.28714
910 -1.28714
911 -1.28714
912 -1.28714
913 -1.28714
914 -1.28714
915 -1.28714
916 -1.28714
917 -1.28714
918 -1.28714
919 -1.28714
920 -1.28714
921 -1.28714
922 -1.28714
923 -1.28714
924 -1.28714
925 -1.28714
926 -1.28714
927 -1.28714
928 -1.28714
929 -1.28714
930 -1.28714
931 -1.28714
932 -1.28714
933 -1.28714
934 -1.28714
935 -1.28714
936 -1.28714
937 -1.28714
938 -1.28714
939 -1.28714
940 -1.28714
941 -1.28714
942 -1.28714
943 -1.28714
944 -1.28714
945 -1.28714
946 -1.28714
947 -1.28714
948 -1.28714
949 -1.28714
950 -1.28714
951 -1.28714
952 -1.28714
953 -1.28714
954 -1.28714
955 -1.28714
956 -1.28714
957 -1.28714
958 -1.28714
959 -1.28714
960 -1.28714
961 -1.28714
962 -1.28714
963 -1.28714
964 -1.28714
965 -1.28714
966 -1.28714
967 -1.28714
968 -1.28714
969 -1.28714
970 -1.28714
971 -1.28714
972 -1.28714
973 -1.28714
974 -1.28714
975 -1.28714
976 -1.28714
977 -1.28714
978 -1.28714
979 -1.28714
980 -1.28714
981 -1.28714
982 -1.28714
983 -1.28714
984 -1.28714
985 -1.28714
986 -1.28714
987 -1.28714
988 -1.28714
989 -1.28714
990 -1.28714
991 -1.28714
992 -1.28714
993 -1.28714
994 -1.28714
995 -1.28714
996 -1.28714
997 -1.28714
998 -1.28714
999 -1.28714